0.096306 0.994044 0.051008 
0.573321 -0.013508 -0.819220 
-0.813651 0.108140 -0.571207 
0.113309 0.991361 0.066065 
0.585432 -0.012893 -0.810619 
-0.802764 0.130527 -0.581836 
0.141230 0.989925 -0.010157 
0.589968 -0.092400 -0.802122 
-0.794979 0.107292 -0.597074 
0.122905 0.991890 0.032393 
0.582249 -0.045637 -0.811729 
-0.803667 0.118626 -0.583136 
0.108976 0.991752 0.067477 
0.669736 -0.023092 -0.742240 
-0.734560 0.126078 -0.666728 
0.133884 0.989392 0.056372 
0.716647 -0.057373 -0.695072 
-0.684465 0.133458 -0.716726 
0.172200 0.984447 0.034798 
0.724121 -0.102556 -0.682005 
-0.667830 0.142639 -0.730519 
0.213562 0.976813 0.015066 
0.726040 -0.148379 -0.671453 
-0.653649 0.154335 -0.740894 
0.245926 0.969258 -0.007732 
0.734618 -0.191584 -0.650871 
-0.632343 0.154386 -0.759149 
0.164229 0.986133 -0.023896 
0.789483 -0.145926 -0.596172 
-0.591392 0.079043 -0.802501 
0.201309 0.979526 -0.001964 
0.865316 -0.178776 -0.468260 
-0.459024 0.092565 -0.883589 
0.289577 0.953698 -0.081277 
0.791874 -0.286407 -0.539357 
-0.537662 0.091824 -0.838146 
0.280021 0.957967 -0.062351 
0.799532 -0.268673 -0.537181 
-0.531353 0.100570 -0.841159 
0.254023 0.967173 0.007005 
0.867463 -0.224620 -0.443909 
-0.427763 0.118839 -0.896045 
0.284908 0.957759 0.039050 
0.910408 -0.257624 -0.323707 
-0.299973 0.127779 -0.945351 
0.280735 0.958730 0.044996 
0.914565 -0.252993 -0.315540 
-0.291134 0.129735 -0.947845 
0.277835 0.958990 0.056092 
0.918403 -0.248047 -0.308236 
-0.281682 0.137153 -0.949655 
0.241751 0.969482 0.040761 
0.891233 -0.205234 -0.404453 
-0.383744 0.134105 -0.913650 
-0.060933 0.997831 0.024909 
0.945389 0.065700 -0.319254 
-0.320198 0.004095 -0.947342 
-0.458182 0.888840 0.005779 
0.847854 0.438988 -0.297377 
-0.266858 -0.131353 -0.954743 
-0.455178 0.890081 0.023858 
0.854691 0.444279 -0.268551 
-0.249632 -0.101847 -0.962970 
-0.424309 0.904964 0.031657 
0.874554 0.418613 -0.244782 
-0.234771 -0.076177 -0.969061 
-0.403550 0.913681 0.048307 
0.893599 0.404921 -0.193698 
-0.196539 -0.035000 -0.979871 
-0.398251 0.916125 0.045947 
0.898037 0.399614 -0.183952 
-0.186884 -0.031997 -0.981861 
-0.245452 0.968670 0.037830 
0.942759 0.247610 -0.223370 
-0.225739 -0.019162 -0.973999 
0.076290 0.996388 0.037295 
0.948979 -0.061080 -0.309368 
-0.305973 0.058994 -0.950211 
0.288017 0.938873 0.188582 
0.786979 -0.119855 -0.605226 
-0.545628 0.322725 -0.773394 
0.347848 0.919723 0.181967 
0.740475 -0.150458 -0.655026 
-0.575065 0.362591 -0.733368 
0.360937 0.924863 0.119808 
0.728264 -0.199274 -0.655684 
-0.582543 0.323912 -0.745469 
0.406557 0.898572 0.165167 
0.768575 -0.238632 -0.593589 
-0.493968 0.368271 -0.787637 
0.436041 0.890134 0.132399 
0.759082 -0.284770 -0.585406 
-0.483387 0.355762 -0.799856 
0.449390 0.884165 0.127678 
0.795126 -0.330730 -0.508323 
-0.407214 0.329956 -0.851649 
0.479960 0.865797 0.141540 
0.806287 -0.371752 -0.460111 
-0.345745 0.334957 -0.876507 
0.517352 0.843782 0.142751 
0.782305 -0.398691 -0.478587 
-0.346909 0.359273 -0.866358 
0.592425 0.797999 0.110588 
0.763961 -0.512896 -0.391536 
-0.255725 0.316440 -0.913493 
0.593492 0.799262 0.094597 
0.764154 -0.522687 -0.377978 
-0.252658 0.296613 -0.920969 
0.510443 0.855666 0.085339 
0.668149 -0.332182 -0.665757 
-0.541318 0.396850 -0.741272 
0.504383 0.860220 0.074966 
0.648691 -0.320186 -0.690421 
-0.569910 0.396866 -0.719513 
0.484475 0.870594 0.085727 
0.619373 -0.272159 -0.736414 
-0.617787 0.409872 -0.671077 
0.497531 0.861292 0.103142 
0.557138 -0.226148 -0.799034 
-0.664876 0.455008 -0.592374 
0.601436 0.788416 0.129128 
0.503924 -0.248952 -0.827093 
-0.619947 0.562514 -0.547031 
0.448707 0.888472 0.096328 
0.588761 -0.212798 -0.779794 
-0.672326 0.406613 -0.618581 
0.403236 0.909991 0.096522 
0.601566 -0.184117 -0.777315 
-0.689579 0.371506 -0.621662 
-0.019395 0.936080 0.351253 
0.446854 0.322394 -0.834496 
-0.894397 0.140774 -0.424544 
0.101951 0.990589 0.091320 
0.253156 0.062941 -0.965376 
-0.962039 0.121539 -0.244357 
0.062306 0.993775 0.092351 
0.316405 0.068091 -0.946177 
-0.946576 0.088173 -0.310193 
-0.146751 0.973880 0.173268 
0.310522 0.211666 -0.926700 
-0.939170 -0.082191 -0.333474 
-0.002119 0.979518 0.201345 
0.302804 0.192521 -0.933405 
-0.953051 0.058990 -0.297010 
0.490326 0.864683 0.109102 
0.502194 -0.177999 -0.846238 
-0.712307 0.469723 -0.521516 
0.534979 0.844423 0.027333 
0.414954 -0.234435 -0.879121 
-0.735942 0.481653 -0.475814 
0.568208 0.818922 0.080660 
0.318305 -0.128343 -0.939260 
-0.758829 0.559369 -0.333592 
0.584630 0.807294 0.080529 
0.310640 -0.131050 -0.941450 
-0.749474 0.575415 -0.327394 
0.446593 0.783975 0.431204 
0.472180 0.202854 -0.857844 
-0.760000 0.586713 -0.279584 
0.409106 0.836960 0.363499 
0.362900 0.216265 -0.906384 
-0.837219 0.502721 -0.215258 
0.422158 0.837778 0.346281 
0.352431 0.200261 -0.914160 
-0.835210 0.507960 -0.210717 
0.215026 0.866631 0.450238 
0.338500 0.366306 -0.866740 
-0.916069 0.338777 -0.214589 
0.192865 0.872699 0.448553 
0.331531 0.372295 -0.866882 
-0.923521 0.315901 -0.217524 
0.069681 0.973933 0.215867 
0.674058 0.113551 -0.729898 
-0.735384 0.196367 -0.648576 
-0.353023 0.926502 0.130261 
0.605749 0.332440 -0.722878 
-0.713052 -0.176287 -0.678586 
-0.503193 0.858541 0.098507 
0.555715 0.408769 -0.723939 
-0.661798 -0.309539 -0.682795 
-0.541717 0.839080 0.049880 
0.545524 0.396100 -0.738585 
-0.639489 -0.372893 -0.672312 
-0.322213 0.945313 0.050608 
0.604631 0.246636 -0.757358 
-0.728423 -0.213432 -0.651035 
-0.339566 0.939706 0.040584 
0.613100 0.253855 -0.748109 
-0.713305 -0.229150 -0.662334 
-0.454077 0.765596 0.455716 
0.307934 0.614822 -0.726065 
-0.836057 -0.189359 -0.514929 
-0.404021 0.814926 0.415527 
0.548085 0.579344 -0.603294 
-0.732373 -0.015999 -0.680716 
-0.366123 0.835632 0.409479 
0.619780 0.547203 -0.562531 
-0.694137 0.047832 -0.718252 
-0.284937 0.857249 0.428876 
0.683432 0.495410 -0.536181 
-0.672110 0.140330 -0.727032 
-0.496923 0.850366 0.173048 
0.631341 0.491075 -0.600211 
-0.595379 -0.189006 -0.780897 
-0.616374 0.768599 0.171286 
0.552674 0.577188 -0.601170 
-0.560923 -0.275881 -0.780548 
-0.558690 0.812777 0.165106 
0.638855 0.548685 -0.539267 
-0.528895 -0.195804 -0.825791 
-0.553021 0.818376 0.156295 
0.656310 0.543458 -0.523364 
-0.513249 -0.186853 -0.837652 
0.097696 0.978859 0.179696 
0.667095 0.069582 -0.741716 
-0.738539 0.192337 -0.646194 
-0.129179 0.978066 0.163403 
0.705448 0.206449 -0.678028 
-0.696890 0.027686 -0.716644 
0.473594 0.865841 -0.161331 
0.722768 -0.486748 -0.490594 
-0.503304 0.115737 -0.856324 
-0.031304 0.992717 -0.116330 
0.763766 -0.051317 -0.643450 
-0.644734 -0.108992 -0.756597 
-0.078253 0.995724 -0.049099 
0.547625 0.001779 -0.836722 
-0.833056 -0.092364 -0.545423 
-0.086185 0.994136 -0.065320 
0.521442 -0.010856 -0.853218 
-0.848923 -0.107595 -0.517448 
0.074861 0.946359 -0.314326 
0.262838 -0.322790 -0.909243 
-0.961932 -0.014550 -0.272903 
0.009794 0.948453 -0.316767 
0.201538 -0.312154 -0.928409 
-0.979432 -0.054748 -0.194206 
0.239690 0.922659 -0.302075 
0.163073 -0.344986 -0.924333 
-0.957056 0.172293 -0.233150 
0.189788 0.971898 -0.139263 
0.275874 -0.188914 -0.942446 
-0.942271 0.140446 -0.303975 
0.275843 0.961168 0.008183 
0.587326 -0.161804 -0.793012 
-0.760894 0.223553 -0.609151 
0.397795 0.899851 0.178964 
0.490166 -0.043552 -0.870540 
-0.775562 0.434019 -0.458401 
0.359522 0.896488 0.258946 
0.506678 0.045482 -0.860935 
-0.783595 0.440727 -0.437879 
0.295782 0.931057 0.213649 
0.437690 0.066706 -0.896648 
-0.849082 0.358724 -0.387784 
0.221622 0.947683 0.229741 
0.359442 0.139618 -0.922664 
-0.906468 0.287061 -0.309695 
0.237650 0.935552 0.261276 
0.354859 0.166770 -0.919926 
-0.904211 0.311336 -0.292356 
0.388038 0.887734 0.247698 
0.566312 -0.017625 -0.824003 
-0.727130 0.460018 -0.509574 
0.432958 0.895756 0.100835 
0.551766 -0.174898 -0.815454 
-0.712812 0.408695 -0.569971 
0.494153 0.868371 0.041758 
0.590676 -0.300110 -0.749023 
-0.637898 0.394798 -0.661226 
0.490855 0.871120 -0.014495 
0.680218 -0.393576 -0.618386 
-0.544393 0.293678 -0.785741 
0.653243 0.753690 -0.072283 
0.578175 -0.558192 -0.595093 
-0.488864 0.346948 -0.800400 
0.705115 0.704242 -0.082804 
0.597347 -0.652855 -0.465786 
-0.382085 0.278970 -0.881014 
0.736304 0.673278 -0.067482 
0.573447 -0.673830 -0.465951 
-0.359186 0.304384 -0.882233 
0.772412 0.633143 -0.050090 
0.526080 -0.681992 -0.508062 
-0.355837 0.366082 -0.859863 
0.744481 0.665509 -0.053340 
0.542381 -0.649456 -0.532944 
-0.389321 0.367836 -0.844467 
-0.760040 0.633309 0.145807 
0.454060 0.678005 -0.578047 
-0.464940 -0.373133 -0.802871 
-0.761340 0.637088 0.120334 
0.460283 0.661819 -0.591722 
-0.456618 -0.395114 -0.797110 
-0.721099 0.672027 0.168509 
0.515110 0.682681 -0.518274 
-0.463332 -0.286926 -0.838449 
-0.713359 0.677289 0.179995 
0.534448 0.691912 -0.485410 
-0.453304 -0.250074 -0.855558 
0.131140 0.984781 0.114059 
0.464498 0.040605 -0.884643 
-0.875811 0.168992 -0.452103 
-0.107670 0.986346 0.124616 
0.491394 0.161761 -0.855783 
-0.864256 -0.030907 -0.502101 
-0.281302 0.955224 0.091739 
0.464744 0.219251 -0.857871 
-0.839573 -0.198685 -0.505610 
-0.291194 0.952499 0.089177 
0.464800 0.222337 -0.857046 
-0.836162 -0.208117 -0.507464 
-0.261169 0.958039 0.118116 
0.568456 0.251540 -0.783317 
-0.780159 -0.137435 -0.610298 
-0.148090 0.983751 0.101506 
0.687600 0.176189 -0.704389 
-0.710827 -0.034517 -0.702519 
0.026083 0.996226 0.082783 
0.764102 0.033528 -0.644224 
-0.644568 0.080058 -0.760344 
0.025876 0.998507 0.048114 
0.854831 0.002851 -0.518899 
-0.518261 0.054556 -0.853480 
0.055254 0.998123 0.026416 
0.872278 -0.035379 -0.487729 
-0.485879 0.049991 -0.872595 
0.051831 0.998300 0.026651 
0.880383 -0.033079 -0.473109 
-0.471423 0.047984 -0.880601 
0.079811 0.990754 -0.109716 
0.959763 -0.106106 -0.259994 
-0.269232 -0.084551 -0.959357 
0.094815 0.995315 -0.018925 
0.938175 -0.095698 -0.332671 
-0.332923 0.013787 -0.942853 
0.055069 0.998475 0.003765 
0.953479 -0.051467 -0.297033 
-0.296386 0.019948 -0.954860 
0.064807 0.997795 0.014339 
0.968313 -0.059406 -0.242571 
-0.241184 0.029605 -0.970028 
0.052568 0.998057 0.033461 
0.973563 -0.043762 -0.224188 
-0.222288 0.044362 -0.973971 
0.059120 0.995866 0.068960 
0.945706 -0.033758 -0.323264 
-0.319600 0.084327 -0.943793 
-0.018240 0.996448 0.082210 
0.931312 0.046848 -0.361196 
-0.363764 0.069975 -0.928859 
-0.037353 0.998728 0.033859 
0.645020 0.049976 -0.762530 
-0.763252 -0.006643 -0.646066 
0.037365 0.996721 0.071774 
0.681738 0.027090 -0.731095 
-0.730642 0.076248 -0.678490 
0.057129 0.995134 0.080277 
0.724844 0.013950 -0.688772 
-0.686541 0.097537 -0.720520 
0.226864 0.966119 0.123075 
0.639254 -0.052374 -0.767210 
-0.734770 0.252728 -0.629477 
0.426075 0.903965 0.036168 
0.348627 -0.127168 -0.928595 
-0.834817 0.408260 -0.369329 
0.346924 0.937569 0.024659 
0.345826 -0.103437 -0.932580 
-0.871807 0.332062 -0.360120 
0.233778 0.972103 -0.019087 
0.203583 -0.068136 -0.976684 
-0.950738 0.224442 -0.213832 
-0.104012 0.912476 0.395688 
0.253344 0.409030 -0.876648 
-0.961768 0.009063 -0.273714 
-0.134821 0.896195 0.422679 
0.328648 0.442871 -0.834180 
-0.934780 0.026448 -0.354241 
-0.310934 0.861587 0.401234 
0.295588 0.488886 -0.820743 
-0.903299 -0.136597 -0.406685 
0.184187 0.972380 0.143359 
0.856226 -0.087113 -0.509203 
-0.482651 0.216536 -0.848623 
0.392651 0.912065 0.118164 
0.853497 -0.313511 -0.416237 
-0.342590 0.264288 -0.901545 
0.374007 0.919689 0.119546 
0.859473 -0.295280 -0.417272 
-0.348461 0.258809 -0.900885 
0.482352 0.875703 0.021910 
0.766691 -0.409945 -0.494095 
-0.423698 0.255126 -0.869132 
0.667053 0.744996 0.004614 
0.715017 -0.638447 -0.284843 
-0.209261 0.193305 -0.958563 
0.681660 0.731667 -0.001857 
0.709405 -0.661536 -0.243135 
-0.179122 0.164418 -0.969991 
0.671815 0.739478 0.042865 
0.729017 -0.649847 -0.215018 
-0.131146 0.175701 -0.975669 
0.677915 0.733880 0.043034 
0.727310 -0.661023 -0.184575 
-0.107009 0.156425 -0.981876 
0.715487 0.690253 0.107842 
0.698626 -0.707099 -0.109240 
0.000852 0.153501 -0.988148 
0.531851 0.842795 0.082650 
0.748192 -0.421938 -0.512033 
-0.396665 0.334164 -0.854980 
0.536458 0.841903 0.058416 
0.822984 -0.506565 -0.257079 
-0.186844 0.185987 -0.964623 
0.620016 0.779877 0.085867 
0.744867 -0.550708 -0.376688 
-0.246483 0.297512 -0.922352 
0.468563 0.882830 0.032553 
0.827448 -0.425664 -0.366251 
-0.309481 0.198547 -0.929947 
-0.298461 0.952561 0.059572 
0.942219 0.304019 -0.140697 
-0.152134 0.014138 -0.988259 
-0.298293 0.952343 0.063746 
0.943792 0.304260 -0.129161 
-0.142401 0.021635 -0.989573 
-0.203055 0.973047 0.109313 
0.974869 0.211349 -0.070444 
-0.091648 0.092261 -0.991508 
-0.147926 0.987712 0.050430 
0.987675 0.150173 -0.044106 
-0.051137 0.043284 -0.997753 
-0.085488 0.990949 0.103498 
0.992409 0.075473 0.097102 
0.088412 0.111013 -0.989878 
0.310774 0.940256 0.139059 
0.946040 -0.291863 -0.140799 
-0.091801 0.175312 -0.980223 
0.529196 0.823720 0.203560 
0.508710 -0.116001 -0.853087 
-0.679092 0.555003 -0.480422 
0.574597 0.805857 0.142941 
0.548287 -0.249351 -0.798252 
-0.607635 0.537046 -0.585117 
0.584944 0.800797 0.128701 
0.495253 -0.226986 -0.838571 
-0.642312 0.554257 -0.529371 
0.524489 0.845091 0.103597 
0.481332 -0.193940 -0.854814 
-0.702304 0.498205 -0.508489 
0.332376 0.939203 0.086157 
0.611858 -0.145205 -0.777525 
-0.717744 0.311147 -0.622922 
0.284996 0.956787 0.057764 
0.534610 -0.108646 -0.838086 
-0.795594 0.269732 -0.542471 
0.396242 0.918134 0.004820 
0.404395 -0.169808 -0.898682 
-0.824292 0.358045 -0.438574 
0.328683 0.943177 0.048840 
0.303603 -0.056549 -0.951119 
-0.894311 0.327444 -0.304938 
0.318963 0.946178 0.054862 
0.295968 -0.044448 -0.954163 
-0.900370 0.320580 -0.294215 
0.364452 0.931020 0.019393 
0.267404 -0.084682 -0.959856 
-0.892003 0.355008 -0.279821 
0.326036 0.926663 -0.187070 
0.184263 -0.256380 -0.948850 
-0.927226 0.274889 -0.254339 
0.471943 0.871610 -0.132535 
0.329775 -0.313942 -0.890331 
-0.817630 0.376479 -0.435598 
0.233537 0.972180 -0.018058 
0.362252 -0.104224 -0.926235 
-0.902349 0.209769 -0.376515 
0.219222 0.974294 0.051893 
0.490071 -0.063966 -0.869332 
-0.843666 0.216008 -0.491496 
0.204504 0.974331 0.094109 
0.554398 -0.036053 -0.831471 
-0.806735 0.222213 -0.547540 
0.236879 0.971229 0.024559 
0.565837 -0.117368 -0.816121 
-0.789757 0.207218 -0.577360 
0.325438 0.866401 -0.378734 
0.318895 -0.477638 -0.818637 
-0.890166 0.145639 -0.431733 
0.214250 0.905749 -0.365671 
0.447843 -0.423786 -0.787300 
-0.868063 0.004916 -0.496430 
0.179251 0.907839 -0.379074 
0.585691 -0.408066 -0.700320 
-0.790466 -0.096487 -0.604859 
0.150019 0.911769 -0.382325 
0.635172 -0.385223 -0.669447 
-0.757661 -0.142412 -0.636921 
0.176432 0.945746 -0.272832 
0.733056 -0.311225 -0.604788 
-0.656888 -0.093297 -0.748194 
0.340148 0.927984 -0.152135 
0.802758 -0.370806 -0.466993 
-0.489775 0.036719 -0.871075 
0.340904 0.926117 -0.161529 
0.765857 -0.373236 -0.523600 
-0.545204 0.054789 -0.836511 
0.407491 0.894810 -0.182391 
0.608286 -0.414928 -0.676626 
-0.681131 0.164773 -0.713380 
0.330774 0.943248 -0.029512 
0.727810 -0.274882 -0.628277 
-0.600734 0.186339 -0.777430 
0.094394 0.928548 0.359010 
0.477295 0.274261 -0.834847 
-0.873659 0.250158 -0.417303 
-0.108833 0.913641 0.391682 
0.375515 0.402614 -0.834800 
-0.920404 0.056229 -0.386904 
-0.160566 0.847431 0.506043 
0.527192 0.507069 -0.681872 
-0.834438 0.157296 -0.528177 
0.598924 0.799679 0.042469 
0.626149 -0.434578 -0.647364 
-0.499227 0.414313 -0.760997 
0.702723 0.709055 -0.058485 
0.539076 -0.584298 -0.606625 
-0.464303 0.394761 -0.792834 
0.700635 0.711112 -0.058568 
0.561673 -0.600290 -0.569364 
-0.440039 0.366021 -0.819997 
0.712432 0.697945 -0.072892 
0.453060 -0.536798 -0.711748 
-0.535889 0.474048 -0.698643 
0.752465 0.657506 -0.038502 
0.426006 -0.530449 -0.732900 
-0.502309 0.535080 -0.679246 
0.693898 0.719964 -0.012519 
0.501451 -0.495628 -0.709154 
-0.516771 0.485803 -0.704942 
0.634952 0.772469 -0.011265 
0.545365 -0.458510 -0.701673 
-0.547186 0.439386 -0.712410 
0.565213 0.824178 0.035569 
0.611429 -0.389587 -0.688750 
-0.553796 0.411038 -0.724126 
0.476776 0.875928 0.073719 
0.713987 -0.336978 -0.613733 
-0.512744 0.345247 -0.786065 
0.444852 0.894394 0.046543 
0.718789 -0.325543 -0.614300 
-0.534274 0.306727 -0.787699 
0.436919 0.898933 0.031966 
0.722362 -0.329478 -0.607978 
-0.535999 0.288728 -0.793310 
0.515343 0.856810 0.017257 
0.567005 -0.325797 -0.756546 
-0.642594 0.399666 -0.653713 
0.495727 0.867422 -0.042831 
0.428426 -0.287147 -0.856737 
-0.755451 0.406358 -0.513973 
0.455888 0.874797 0.164002 
0.248415 0.051880 -0.967263 
-0.854667 0.481704 -0.193662 
0.492633 0.865461 0.091047 
0.853892 -0.460545 -0.242418 
-0.167872 0.197167 -0.965890 
0.666925 0.740757 0.080565 
0.730375 -0.628483 -0.267510 
-0.147526 0.237252 -0.960181 
0.826454 0.554765 0.095968 
0.545722 -0.747450 -0.378822 
-0.138426 0.365451 -0.920480 
0.866642 0.486246 0.111787 
0.471784 -0.725758 -0.500695 
-0.162330 0.486663 -0.858375 
0.888316 0.442844 0.121585 
0.423897 -0.688864 -0.588029 
-0.176650 0.573895 -0.799650 
0.865599 0.487721 0.113434 
0.446494 -0.649217 -0.615760 
-0.226675 0.583649 -0.779726 
0.844535 0.527071 0.094646 
0.461531 -0.626785 -0.627798 
-0.271571 0.573879 -0.772601 
0.769219 0.631439 0.097916 
0.575742 -0.618431 -0.534849 
-0.277170 0.467790 -0.839255 
0.655784 0.754868 0.011000 
0.492142 -0.416404 -0.764464 
-0.572489 0.506737 -0.644573 
0.704404 0.709332 0.025755 
0.362553 -0.328365 -0.872199 
-0.610222 0.623718 -0.488473 
0.632520 0.773706 0.036015 
0.358213 -0.250986 -0.899272 
-0.686733 0.581709 -0.435905 
0.600207 0.797432 0.062081 
0.343217 -0.186667 -0.920520 
-0.722463 0.573810 -0.385731 
-0.041316 0.999140 -0.003526 
0.330882 0.010352 -0.943615 
-0.942767 -0.040153 -0.331025 
-0.136304 0.983353 0.120157 
0.309946 0.157530 -0.937613 
-0.940933 -0.090558 -0.326259 
-0.288067 0.953294 0.090822 
0.347305 0.192390 -0.917805 
-0.892410 -0.232847 -0.386505 
-0.387895 0.913628 0.121739 
0.301631 0.250636 -0.919891 
-0.870951 -0.320101 -0.372799 
-0.391882 0.909578 0.138188 
0.299825 0.268264 -0.915500 
-0.869789 -0.317335 -0.377842 
-0.439658 0.808269 0.391665 
0.286911 0.539613 -0.791517 
-0.851107 -0.235624 -0.469147 
-0.454881 0.788201 0.414516 
0.321712 0.579466 -0.748813 
-0.830413 -0.207266 -0.517161 
-0.455808 0.783996 0.421413 
0.344138 0.591865 -0.728879 
-0.820858 -0.187205 -0.539580 
-0.210342 0.948127 0.238351 
0.294000 0.293867 -0.909509 
-0.932373 -0.121232 -0.340562 
-0.258301 0.919621 0.295934 
0.344402 0.373860 -0.861172 
-0.902590 -0.120522 -0.413287 
-0.401942 0.850052 0.340373 
0.477329 0.511735 -0.714342 
-0.781408 -0.124654 -0.611443 
-0.335791 0.878081 0.340909 
0.642705 0.478170 -0.598569 
-0.688604 0.018110 -0.724911 
-0.362072 0.767556 0.528925 
0.196899 0.617598 -0.761449 
-0.911117 -0.171554 -0.374745 
-0.358090 0.791535 0.495221 
0.124323 0.566091 -0.814914 
-0.925373 -0.230245 -0.301117 
-0.467128 0.707116 0.530828 
0.074890 0.629840 -0.773106 
-0.881013 -0.321386 -0.347171 
-0.479539 0.674100 0.561810 
0.146844 0.692841 -0.705980 
-0.865147 -0.256047 -0.431232 
-0.530643 0.670641 0.518322 
0.239625 0.705273 -0.667210 
-0.813018 -0.229847 -0.534951 
-0.286297 0.903622 0.318592 
0.103225 0.359665 -0.927354 
-0.952564 -0.232612 -0.196248 
-0.368162 0.868110 0.332929 
0.097133 0.392032 -0.914809 
-0.924674 -0.304459 -0.228653 
-0.418806 0.822975 0.383816 
0.078351 0.453842 -0.887631 
-0.904689 -0.341672 -0.254553 
0.259118 0.940814 0.218466 
0.366101 0.113640 -0.923610 
-0.893772 0.319305 -0.314987 
0.599874 0.624594 -0.500034 
-0.003760 -0.622761 -0.782403 
-0.800086 0.471223 -0.371230 
0.582766 0.626526 -0.517542 
-0.024413 -0.623080 -0.781777 
-0.812273 0.468228 -0.347814 
0.490868 0.653874 -0.575758 
-0.012084 -0.655680 -0.754942 
-0.871150 0.377534 -0.313952 
-0.721963 0.680220 0.126766 
0.489660 0.631708 -0.600981 
-0.488878 -0.371814 -0.789147 
-0.712333 0.680131 0.173214 
0.505086 0.668139 -0.546332 
-0.487308 -0.301683 -0.819462 
-0.787125 0.586912 0.189652 
0.456700 0.761250 -0.460351 
-0.414559 -0.275740 -0.867242 
-0.927390 0.337039 0.162333 
0.266906 0.900175 -0.344159 
-0.262123 -0.275842 -0.924772 
0.786502 0.548954 -0.282955 
0.349244 -0.773207 -0.529321 
-0.509355 0.317492 -0.799848 
0.845199 0.482749 -0.229328 
0.335557 -0.813301 -0.475334 
-0.415980 0.324799 -0.849392 
0.854896 0.463357 -0.233353 
0.315786 -0.821624 -0.474567 
-0.411622 0.332015 -0.848724 
0.864474 0.481384 -0.144755 
0.332534 -0.763601 -0.553475 
-0.376969 0.430329 -0.820190 
0.903240 0.393538 -0.171133 
0.243800 -0.798756 -0.550046 
-0.353157 0.455101 -0.817412 
0.906311 0.348761 -0.238678 
0.134026 -0.772812 -0.620321 
-0.400797 0.530215 -0.747151 
0.886144 0.311947 -0.342693 
0.023625 -0.768951 -0.638871 
-0.462808 0.558035 -0.688771 
0.838261 0.476334 -0.265377 
0.183355 -0.704589 -0.685519 
-0.513518 0.525985 -0.677967 
0.812279 0.486370 -0.321942 
0.127006 -0.686206 -0.716234 
-0.569273 0.540894 -0.619163 
0.793022 0.520932 -0.315826 
0.135117 -0.655927 -0.742632 
-0.594020 0.546250 -0.590552 
0.809890 0.477172 -0.341152 
0.101397 -0.686724 -0.719811 
-0.577751 0.548377 -0.604555 
0.552138 0.765015 -0.331504 
0.112333 -0.462237 -0.879613 
-0.826151 0.448429 -0.341155 
0.584664 0.656474 -0.476665 
-0.155032 -0.486314 -0.859921 
-0.796325 0.576663 -0.182556 
0.686443 0.490131 -0.537185 
-0.275284 -0.508592 -0.815814 
-0.673064 0.707889 -0.214194 
0.690225 0.575187 -0.439032 
-0.118131 -0.509025 -0.852607 
-0.713887 0.640354 -0.283394 
-0.294846 0.937942 0.182569 
0.422771 0.299393 -0.855353 
-0.856931 -0.175012 -0.484809 
-0.273231 0.960890 0.045123 
0.341034 0.140621 -0.929474 
-0.899467 -0.238572 -0.366118 
-0.284701 0.956710 0.060429 
0.307610 0.150880 -0.939474 
-0.907921 -0.248881 -0.337249 
-0.323938 0.930827 0.169189 
0.170145 0.233234 -0.957420 
-0.930653 -0.281358 -0.233929 
-0.381503 0.890705 0.247185 
0.379953 0.394878 -0.836485 
-0.842669 -0.225203 -0.489073 
0.412810 0.910622 0.018854 
0.266738 -0.101076 -0.958454 
-0.870884 0.400689 -0.284623 
0.631845 0.772733 -0.060459 
0.143955 -0.193637 -0.970454 
-0.761609 0.604474 -0.233587 
0.774376 0.625086 -0.098025 
0.398559 -0.602223 -0.691721 
-0.491418 0.496584 -0.715481 
0.828729 0.548542 -0.110946 
0.366443 -0.681696 -0.633253 
-0.422997 0.484140 -0.765951 
0.552643 0.833311 0.013375 
0.735677 -0.480227 -0.477662 
-0.391617 0.273816 -0.878442 
0.692501 0.719148 0.057169 
0.616096 -0.548314 -0.565488 
-0.375323 0.426823 -0.822773 
0.817173 0.576346 0.007356 
0.382270 -0.532362 -0.755288 
-0.431391 0.620013 -0.655352 
0.376906 0.798834 0.468834 
0.901150 -0.199211 -0.385025 
-0.214174 0.567608 -0.794953 
0.362224 0.844506 0.394466 
0.888464 -0.184867 -0.420066 
-0.281825 0.502627 -0.817277 
0.451095 0.857683 0.246767 
0.884595 -0.393016 -0.251057 
-0.118344 0.331539 -0.935990 
0.643939 0.765072 -0.002537 
0.594320 -0.502305 -0.628072 
-0.481795 0.402932 -0.778151 
0.763805 0.642428 0.062349 
0.507321 -0.537823 -0.673329 
-0.399033 0.545923 -0.736710 
0.813806 0.573311 0.095049 
0.487115 -0.583760 -0.649571 
-0.316921 0.574924 -0.754336 
0.696405 0.717457 0.016595 
0.552632 -0.521378 -0.650202 
-0.457840 0.461975 -0.759580 
0.523896 0.848261 0.077370 
0.727752 -0.398559 -0.558147 
-0.442618 0.348717 -0.826127 
0.743767 0.668244 0.016154 
0.460212 -0.494398 -0.737412 
-0.484785 0.555896 -0.675250 
0.783124 0.621719 -0.013527 
0.342655 -0.449560 -0.824914 
-0.518946 0.641375 -0.565097 
0.701256 0.712471 -0.024995 
0.387926 -0.410766 -0.825097 
-0.598125 0.568908 -0.564438 
0.655190 0.752924 -0.061891 
0.219685 -0.268270 -0.937960 
-0.722817 0.600946 -0.341174 
-0.449675 0.884063 0.127379 
0.149284 0.214994 -0.965138 
-0.880629 -0.414983 -0.228654 
-0.370399 0.877999 0.303185 
0.706504 0.478203 -0.521704 
-0.603040 0.020963 -0.797436 
-0.291938 0.917739 0.269308 
0.634765 0.396536 -0.663199 
-0.715434 -0.022665 -0.698312 
-0.265940 0.936363 0.229130 
0.585131 0.345691 -0.733566 
-0.766092 -0.061014 -0.639828 
-0.127849 0.947571 0.292854 
0.449010 0.318584 -0.834802 
-0.884333 0.024765 -0.466199 
-0.059053 0.923480 0.379074 
0.194020 0.383113 -0.903095 
-0.979218 0.020217 -0.201798 
-0.160709 0.925572 0.342766 
0.236894 0.373300 -0.896955 
-0.958151 -0.062949 -0.279255 
0.237831 0.934070 -0.266365 
0.424942 -0.346658 -0.836213 
-0.873419 0.085688 -0.479371 
0.368100 0.884042 -0.288048 
0.541296 -0.455642 -0.706674 
-0.755977 0.104207 -0.646250 
0.359056 0.911016 -0.202800 
0.700769 -0.406669 -0.586125 
-0.616442 0.068335 -0.784429 
0.387461 0.890827 -0.237278 
0.707802 -0.452371 -0.542566 
-0.590670 0.042277 -0.805805 
0.250653 0.950998 -0.181044 
0.849066 -0.305796 -0.430784 
-0.465038 -0.045741 -0.884108 
0.241905 0.957560 -0.156720 
0.936322 -0.272738 -0.221170 
-0.254527 -0.093239 -0.962560 
0.396206 0.905205 -0.153700 
0.863675 -0.424244 -0.272181 
-0.311586 -0.024907 -0.949891 
0.675498 0.735175 -0.056745 
0.641142 -0.623619 -0.447254 
-0.364198 0.265737 -0.892605 
0.644754 0.762646 -0.051602 
0.723303 -0.630540 -0.281517 
-0.247235 0.144185 -0.958168 
0.678637 0.734166 -0.021240 
0.685936 -0.643863 -0.339016 
-0.262569 0.215500 -0.940541 
0.660598 0.750260 -0.026820 
0.677095 -0.610847 -0.410377 
-0.324272 0.252934 -0.911522 
0.372644 0.927922 -0.009908 
0.826057 -0.336563 -0.452057 
-0.422808 0.160271 -0.891934 
0.377431 0.918764 -0.115840 
0.540506 -0.320140 -0.778052 
-0.751931 0.231048 -0.617428 
0.380245 0.915707 -0.129980 
0.543345 -0.334895 -0.769819 
-0.748459 0.222095 -0.624887 
0.337725 0.906375 -0.253823 
0.433152 -0.389076 -0.813019 
-0.835656 0.164633 -0.523999 
0.210938 0.924824 -0.316554 
0.319062 -0.371245 -0.871996 
-0.923961 0.082937 -0.373386 
-0.213924 0.960210 0.179535 
0.577361 0.272537 -0.769661 
-0.787966 -0.060992 -0.612690 
-0.331852 0.924355 0.188260 
0.575812 0.356566 -0.735732 
-0.747205 -0.135751 -0.650582 
-0.227509 0.958854 0.169821 
0.670223 0.280703 -0.687027 
-0.706428 -0.042487 -0.706509 
0.149869 0.982626 0.109478 
0.736649 -0.037120 -0.675256 
-0.659460 0.181847 -0.729414 
0.511361 0.859125 -0.020341 
0.426480 -0.274253 -0.861917 
-0.746073 0.432076 -0.506642 
0.488237 0.872693 -0.005716 
0.360870 -0.207848 -0.909160 
-0.794605 0.441822 -0.416408 
0.318164 0.911932 -0.259137 
0.281073 -0.351789 -0.892884 
-0.905411 0.211248 -0.368246 
0.448575 0.878349 -0.165178 
0.405820 -0.364839 -0.837976 
-0.796298 0.308862 -0.520109 
0.304334 0.947510 0.098009 
0.326056 -0.006944 -0.945325 
-0.895024 0.319651 -0.311054 
0.683315 0.724132 0.093339 
0.494319 -0.364749 -0.789054 
-0.537335 0.585312 -0.607191 
0.502341 0.863180 0.050729 
0.345325 -0.146489 -0.926980 
-0.792719 0.483178 -0.371665 
0.999685 -0.025089 0.000815 
-0.016900 -0.696698 -0.717165 
0.018561 0.716926 -0.696902 
0.999505 -0.010173 -0.029760 
-0.027789 -0.728813 -0.684149 
-0.014729 0.684637 -0.728735 
0.999789 0.004247 -0.020116 
-0.011075 -0.713111 -0.700964 
-0.017322 0.701038 -0.712913 
0.999308 0.036483 0.007197 
0.031576 -0.730258 -0.682442 
-0.019642 0.682197 -0.730905 
0.998445 0.048691 0.027146 
0.055202 -0.795682 -0.603194 
-0.007770 0.603754 -0.797133 
0.997804 0.065144 0.011967 
0.061586 -0.846020 -0.529582 
-0.024375 0.529156 -0.848174 
0.996116 0.087714 -0.007718 
0.072936 -0.871034 -0.485778 
-0.049332 0.483328 -0.874048 
0.988922 0.144742 -0.032922 
0.123359 -0.924731 -0.360077 
-0.082562 0.352027 -0.932341 
0.997199 0.039057 -0.063782 
0.006214 -0.893133 -0.449750 
-0.074532 0.448094 -0.890874 
0.994873 0.046866 -0.089622 
-0.038196 -0.646410 -0.762034 
-0.093646 0.761550 -0.641305 
0.961494 -0.208052 -0.179563 
-0.272471 -0.806986 -0.523959 
-0.035894 0.552709 -0.832601 
0.962066 -0.206297 -0.178521 
-0.270341 -0.808832 -0.522213 
-0.036662 0.550666 -0.833920 
0.977977 -0.187156 -0.092375 
-0.208550 -0.893694 -0.397263 
-0.008205 0.407780 -0.913044 
0.986456 -0.153659 -0.057386 
-0.163521 -0.893881 -0.417418 
0.012844 0.421148 -0.906901 
0.988926 -0.146147 -0.025825 
-0.146670 -0.935825 -0.320498 
0.022673 0.320736 -0.946897 
0.985730 -0.166581 -0.024212 
-0.167318 -0.953845 -0.249368 
0.018446 0.249861 -0.968106 
0.989629 -0.142861 -0.015014 
-0.142295 -0.960625 -0.238645 
0.019670 0.238307 -0.970991 
0.962181 -0.262778 -0.071802 
-0.264248 -0.836299 -0.480393 
0.066189 0.481199 -0.874109 
0.943574 -0.323872 -0.069110 
-0.310752 -0.793789 -0.522812 
0.114465 0.514788 -0.849642 
0.952266 -0.281573 -0.117924 
-0.298706 -0.779786 -0.550190 
0.062963 0.559152 -0.826671 
0.966721 -0.220580 -0.129595 
-0.252254 -0.737421 -0.626560 
0.042641 0.638400 -0.768523 
0.980756 -0.188387 -0.051266 
-0.180720 -0.776604 -0.603511 
0.073880 0.601162 -0.795705 
0.995586 -0.044929 -0.082402 
-0.086459 -0.780654 -0.618954 
-0.036518 0.623347 -0.781092 
0.912982 -0.287991 -0.289005 
-0.403640 -0.534287 -0.742707 
0.059482 0.794732 -0.604039 
0.943063 -0.161798 -0.290609 
-0.329800 -0.568284 -0.753847 
-0.043177 0.806768 -0.589288 
0.941189 -0.027841 -0.336733 
-0.306680 -0.488679 -0.816787 
-0.141814 0.872019 -0.468477 
0.904785 -0.016243 -0.425559 
-0.393873 -0.411926 -0.821694 
-0.161952 0.911072 -0.379102 
0.891337 -0.020871 -0.452861 
-0.425134 -0.385349 -0.819004 
-0.157416 0.922535 -0.352348 
0.899435 0.002548 -0.437047 
-0.410389 -0.339022 -0.846549 
-0.150325 0.940775 -0.303882 
0.920565 0.041139 -0.388417 
-0.359274 -0.300956 -0.883373 
-0.153237 0.952750 -0.262270 
0.924518 0.037639 -0.379276 
-0.347425 -0.325967 -0.879228 
-0.156725 0.944632 -0.288285 
0.932477 0.089688 -0.349919 
-0.287669 -0.401511 -0.869503 
-0.218480 0.911452 -0.348599 
0.954898 0.215612 -0.204157 
-0.086920 -0.454467 -0.886513 
-0.283926 0.864275 -0.415229 
0.739553 0.415414 0.529615 
0.597576 -0.043090 -0.800654 
-0.309782 0.908611 -0.280109 
0.776190 0.533890 0.335396 
0.565470 -0.354178 -0.744851 
-0.278879 0.767802 -0.576808 
0.777704 0.542508 0.317586 
0.561018 -0.371047 -0.739988 
-0.283610 0.753664 -0.592922 
0.776038 0.553110 0.303042 
0.565541 -0.397605 -0.722547 
-0.279157 0.732106 -0.621363 
0.777360 0.553281 0.299319 
0.575899 -0.434506 -0.692492 
-0.253087 0.710693 -0.656402 
0.797090 0.543538 0.263087 
0.570481 -0.534958 -0.623195 
-0.197990 0.646828 -0.736487 
0.535019 0.766029 0.356308 
0.709047 -0.177825 -0.682371 
-0.459355 0.617720 -0.638290 
0.666698 0.672272 0.321812 
0.667743 -0.346940 -0.658599 
-0.331108 0.653975 -0.680209 
0.701880 0.633374 0.325887 
0.633462 -0.345828 -0.692191 
-0.325715 0.692272 -0.643948 
0.683300 0.659858 0.312552 
0.648260 -0.351316 -0.675527 
-0.335947 0.664202 -0.667813 
0.667836 0.698397 0.257365 
0.690074 -0.451408 -0.565710 
-0.278914 0.555402 -0.783413 
0.731299 0.647471 0.214435 
0.654070 -0.576596 -0.489621 
-0.193373 0.498315 -0.845156 
0.823456 0.420344 0.381092 
0.531150 -0.334934 -0.778267 
-0.199499 0.843285 -0.499069 
0.881621 0.322733 0.344365 
0.437149 -0.283385 -0.853577 
-0.177890 0.903071 -0.390920 
0.906063 0.291448 0.306771 
0.387552 -0.280545 -0.878122 
-0.169864 0.914523 -0.367143 
0.915491 0.270876 0.297492 
0.370235 -0.277759 -0.886440 
-0.157484 0.921670 -0.354573 
0.895508 0.275468 0.349547 
0.425641 -0.300724 -0.853461 
-0.129984 0.913062 -0.386551 
0.865800 0.354753 0.352904 
0.461061 -0.291498 -0.838124 
-0.194456 0.888358 -0.415942 
0.855745 0.385444 0.345157 
0.480514 -0.344694 -0.806407 
-0.191851 0.855931 -0.480182 
0.834201 0.422690 0.354179 
0.490951 -0.276749 -0.826061 
-0.251149 0.862985 -0.438384 
0.744441 0.563033 0.358888 
0.531349 -0.174079 -0.829075 
-0.404321 0.807892 -0.428759 
0.777569 0.559325 0.287302 
0.417780 -0.118069 -0.900844 
-0.469942 0.820497 -0.325482 
0.787976 0.549187 0.278367 
0.377824 -0.074317 -0.922890 
-0.486152 0.832388 -0.266056 
0.797920 0.544569 0.258395 
0.369929 -0.103968 -0.923224 
-0.475895 0.832247 -0.284410 
0.866549 0.480307 0.135639 
0.163545 -0.016502 -0.986398 
-0.471536 0.876945 -0.092851 
0.879463 0.448502 0.159348 
0.195080 -0.034281 -0.980188 
-0.434154 0.893124 -0.117642 
0.871242 0.467412 0.149877 
0.201564 -0.062272 -0.977494 
-0.447559 0.881844 -0.148468 
0.923715 0.343212 0.170162 
0.196996 -0.044620 -0.979388 
-0.328545 0.938197 -0.108827 
0.834003 0.551724 -0.006274 
0.104442 -0.169022 -0.980063 
-0.541785 0.816721 -0.198587 
0.809397 0.581701 0.080624 
0.202939 -0.148224 -0.967908 
-0.551083 0.799783 -0.238021 
0.828633 0.555709 0.067490 
0.171999 -0.138013 -0.975381 
-0.532714 0.819841 -0.209944 
0.761692 0.621833 0.182070 
0.222689 0.012645 -0.974808 
-0.608469 0.783048 -0.128844 
0.987011 -0.158632 0.025411 
-0.013306 -0.238351 -0.971088 
0.160102 0.958136 -0.237366 
0.965978 -0.245223 -0.082177 
-0.151727 -0.280018 -0.947929 
0.209443 0.928146 -0.307698 
0.971759 -0.234172 -0.029123 
-0.100914 -0.300833 -0.948323 
0.213309 0.924480 -0.315968 
0.951900 -0.306065 -0.014541 
-0.097844 -0.258651 -0.961003 
0.290368 0.916201 -0.276156 
0.936228 -0.351010 0.016431 
-0.072548 -0.238834 -0.968347 
0.343823 0.905401 -0.249068 
0.939128 -0.343443 -0.009234 
-0.066411 -0.155097 -0.985665 
0.337087 0.926279 -0.168464 
0.854807 -0.222095 0.469019 
0.372647 -0.366300 -0.852619 
0.361164 0.903603 -0.230353 
0.796832 -0.188159 0.574155 
0.466725 -0.411787 -0.782687 
0.383700 0.891643 -0.240307 
0.959495 -0.279522 -0.035159 
-0.139153 -0.361710 -0.921847 
0.244959 0.889401 -0.385955 
0.923850 -0.382723 0.004903 
-0.197111 -0.486705 -0.851038 
0.328098 0.785265 -0.525081 
0.915677 -0.401681 -0.013715 
-0.212498 -0.454883 -0.864827 
0.341146 0.794817 -0.501882 
0.916733 -0.399439 -0.006952 
-0.213485 -0.475101 -0.853642 
0.337675 0.784046 -0.520815 
0.963927 -0.248812 0.094539 
-0.083689 -0.620492 -0.779735 
0.252668 0.743695 -0.618932 
0.939753 -0.000428 0.341855 
0.224317 -0.753837 -0.617586 
0.257967 0.657062 -0.708324 
0.930442 -0.018818 0.365957 
0.198642 -0.813312 -0.546868 
0.307928 0.581523 -0.753001 
0.925310 0.090472 0.368262 
0.253357 -0.870067 -0.422841 
0.282157 0.484560 -0.828003 
0.948378 -0.144225 0.282452 
-0.012267 -0.906629 -0.421751 
0.316906 0.396514 -0.861596 
0.933545 -0.264720 0.241695 
-0.102609 -0.843391 -0.527411 
0.343459 0.467562 -0.814507 
0.946370 -0.295213 0.131273 
-0.124145 -0.707393 -0.695832 
0.298281 0.642218 -0.706105 
0.946208 -0.308043 0.098994 
-0.140985 -0.667903 -0.730773 
0.291228 0.677507 -0.675404 
0.984663 -0.160113 0.069295 
-0.128547 -0.934365 -0.332322 
0.117956 0.318318 -0.940617 
0.766731 -0.641609 0.021474 
-0.611585 -0.740202 -0.279400 
0.195161 0.201092 -0.959935 
0.644407 -0.764164 0.028163 
-0.702715 -0.606308 -0.372266 
0.301548 0.220100 -0.927699 
0.634880 -0.771339 0.044305 
-0.750091 -0.629105 -0.203938 
0.185178 0.096243 -0.977981 
0.757821 -0.652144 0.020388 
-0.520460 -0.623053 -0.583890 
0.393483 0.431873 -0.811577 
0.897357 -0.434904 0.074896 
-0.192207 -0.537938 -0.820780 
0.397250 0.722136 -0.566314 
0.735708 -0.671508 0.088382 
-0.379375 -0.516667 -0.767548 
0.561078 0.531161 -0.634869 
0.728448 -0.678050 0.098038 
-0.380761 -0.519650 -0.764843 
0.569548 0.519820 -0.636713 
0.702815 -0.704723 0.097040 
-0.397937 -0.502547 -0.767524 
0.589659 0.500811 -0.633633 
0.687203 -0.720294 0.094491 
-0.401868 -0.485274 -0.776538 
0.605190 0.495666 -0.622945 
0.511781 -0.750276 -0.418530 
-0.605728 0.030349 -0.795093 
0.609241 0.660428 -0.438931 
0.508722 -0.750533 -0.421785 
-0.600122 0.042138 -0.798798 
0.617297 0.659489 -0.428974 
0.602367 -0.701030 -0.381722 
-0.553379 -0.022112 -0.832636 
0.575262 0.712789 -0.401254 
0.644908 -0.652236 -0.398350 
-0.441324 0.107722 -0.890859 
0.623961 0.750323 -0.218377 
0.669345 -0.638585 -0.379718 
-0.468251 0.034208 -0.882933 
0.576817 0.768790 -0.276122 
0.683016 -0.617295 -0.390431 
-0.436144 0.084092 -0.895939 
0.585891 0.782225 -0.211793 
0.664695 -0.613700 -0.426089 
-0.458941 0.114626 -0.881041 
0.589536 0.781174 -0.205461 
0.715260 -0.466091 -0.520733 
-0.544749 0.094923 -0.833210 
0.437781 0.879630 -0.186008 
0.748711 -0.421684 -0.511482 
-0.570940 -0.018139 -0.820792 
0.336837 0.906562 -0.254337 
0.810112 -0.492349 -0.318294 
-0.415789 -0.099737 -0.903976 
0.413326 0.864665 -0.285512 
0.807152 -0.506015 -0.304063 
-0.410014 -0.109949 -0.905428 
0.424729 0.855488 -0.296219 
0.903201 -0.351655 -0.246103 
-0.303574 -0.118029 -0.945469 
0.303432 0.928659 -0.213358 
0.931040 -0.270395 -0.245054 
-0.328633 -0.329353 -0.885171 
0.158636 0.904662 -0.395502 
0.952046 -0.199334 -0.232111 
-0.288465 -0.331969 -0.898101 
0.101968 0.921988 -0.373550 
0.986962 -0.068643 -0.145579 
-0.160638 -0.476447 -0.864404 
-0.010026 0.876519 -0.481262 
0.965829 -0.177650 -0.188721 
-0.253492 -0.495738 -0.830654 
0.054009 0.850109 -0.523830 
0.918080 -0.338533 -0.206212 
-0.355883 -0.474833 -0.804910 
0.174573 0.812360 -0.556413 
0.979188 0.184670 -0.084187 
0.061373 -0.664813 -0.744485 
-0.193453 0.723824 -0.662310 
0.883637 -0.356519 0.303446 
0.082331 -0.519717 -0.850362 
0.460876 0.776395 -0.429889 
0.941980 -0.222871 0.251003 
0.104215 -0.516639 -0.849837 
0.319082 0.826688 -0.463437 
0.915237 -0.364345 0.172030 
0.125627 -0.147631 -0.981032 
0.382831 0.919488 -0.089346 
0.817403 -0.371690 -0.440112 
-0.447881 0.070432 -0.891315 
0.362291 0.925681 -0.108902 
0.865404 -0.202067 -0.458524 
-0.467285 0.004887 -0.884093 
0.180887 0.979359 -0.090193 
0.882123 -0.146822 -0.447552 
-0.459629 -0.060626 -0.886039 
0.102956 0.987303 -0.120963 
0.891459 -0.060664 -0.449022 
-0.452654 -0.075238 -0.888506 
0.020117 0.995319 -0.094531 
0.906028 -0.006370 -0.423171 
-0.421301 -0.108650 -0.900389 
-0.040242 0.994060 -0.101124 
0.896347 0.013218 -0.443155 
-0.438214 -0.125330 -0.890090 
-0.067306 0.992027 -0.106547 
0.904258 0.021283 -0.426456 
-0.419767 -0.138582 -0.896990 
-0.078189 0.990122 -0.116380 
0.908238 0.030705 -0.417325 
-0.408553 -0.150591 -0.900226 
-0.090487 0.988119 -0.124228 
0.889700 0.030190 -0.455547 
-0.445345 -0.162283 -0.880529 
-0.100511 0.986282 -0.130939 
0.874810 0.073645 -0.478837 
-0.435297 -0.314370 -0.843616 
-0.212660 0.946439 -0.242957 
0.877967 0.072016 -0.473273 
-0.430795 -0.312305 -0.846688 
-0.208780 0.947248 -0.243169 
0.876528 0.094024 -0.472078 
-0.444554 -0.217948 -0.868833 
-0.184580 0.971421 -0.149239 
0.910761 0.152206 0.383858 
0.410913 -0.425901 -0.806076 
0.040796 0.891875 -0.450437 
0.952046 0.168802 0.255176 
0.301073 -0.368472 -0.879536 
-0.054442 0.914185 -0.401623 
0.972781 0.072824 0.219985 
0.231157 -0.238537 -0.943221 
-0.016215 0.968399 -0.248878 
0.926330 0.240701 0.289785 
0.297723 0.003544 -0.954646 
-0.230811 0.970593 -0.068380 
0.955952 -0.183448 0.229133 
0.207946 -0.127671 -0.969773 
0.207156 0.974704 -0.083900 
0.819707 -0.449725 0.354723 
0.299617 -0.191154 -0.934714 
0.488171 0.872472 -0.021945 
0.772939 -0.577778 0.262180 
0.199713 -0.170663 -0.964878 
0.602229 0.798152 -0.016523 
0.779761 -0.578848 0.238555 
0.097193 -0.264492 -0.959478 
0.618488 0.771349 -0.149981 
0.985080 -0.096209 -0.142692 
-0.169166 -0.693667 -0.700149 
-0.031621 0.713841 -0.699593 
0.983043 -0.182343 0.019437 
-0.167531 -0.936143 -0.309145 
0.074566 0.300646 -0.950816 
0.908795 -0.416419 0.026201 
-0.335170 -0.765992 -0.548560 
0.248501 0.489746 -0.835701 
0.805998 -0.590659 0.038599 
-0.476003 -0.685540 -0.550868 
0.351836 0.425625 -0.833700 
0.788856 -0.612176 0.054278 
-0.495330 -0.685589 -0.533494 
0.363805 0.393965 -0.844061 
0.777509 -0.616720 -0.123025 
-0.424541 -0.370420 -0.826168 
0.463944 0.694583 -0.549828 
0.701648 -0.712377 -0.014461 
-0.369962 -0.346895 -0.861854 
0.608949 0.610068 -0.506951 
0.715250 -0.698837 0.006615 
-0.296807 -0.312320 -0.902420 
0.632710 0.643493 -0.430807 
0.762970 -0.645038 0.042448 
-0.168734 -0.262111 -0.950172 
0.624023 0.717791 -0.308822 
0.692244 -0.715603 0.093331 
-0.194176 -0.309254 -0.930944 
0.695049 0.626318 -0.353032 
0.688963 -0.719742 0.085451 
-0.193712 -0.296459 -0.935194 
0.698431 0.627761 -0.343671 
0.803878 -0.587129 0.095180 
-0.330405 -0.573858 -0.749346 
0.494582 0.570935 -0.655303 
0.848699 -0.384005 0.363663 
-0.105732 -0.796926 -0.594751 
0.518200 0.466314 -0.716952 
0.785399 -0.583708 0.205996 
-0.296697 -0.647074 -0.702329 
