0.095066 0.983309 -0.155129 
0.741596 -0.173913 -0.647911 
-0.664076 -0.053449 -0.745752 
0.096885 0.981558 -0.164797 
0.707184 -0.184400 -0.682560 
-0.700360 -0.050412 -0.712007 
0.082371 0.981949 -0.170265 
0.747277 -0.173894 -0.641357 
-0.659388 -0.074406 -0.748112 
0.007102 0.996785 -0.079803 
0.802795 -0.053265 -0.593872 
-0.596213 -0.059848 -0.800592 
0.032822 0.999408 -0.010294 
0.871919 -0.033667 -0.488492 
-0.488549 0.007058 -0.872508 
0.093230 0.985272 -0.143345 
0.732341 -0.165398 -0.660545 
-0.674525 -0.043395 -0.736975 
0.082605 0.987530 -0.134019 
0.742148 -0.150709 -0.653072 
-0.665126 -0.045514 -0.745343 
0.030816 0.996840 -0.073208 
0.805597 -0.068126 -0.588535 
-0.591663 -0.040840 -0.805151 
-0.037595 0.999273 -0.006265 
0.880620 0.030166 -0.472861 
-0.472329 -0.023295 -0.881115 
-0.051740 0.996853 0.060066 
0.922275 0.070766 -0.380000 
-0.383055 0.035737 -0.923034 
-0.058616 0.995159 0.078879 
0.943045 0.081118 -0.322623 
-0.327460 0.055476 -0.943235 
-0.050937 0.995084 0.084930 
0.949245 0.074668 -0.305546 
-0.310385 0.065056 -0.948382 
0.012743 0.995609 0.092740 
0.963653 0.012524 -0.266864 
-0.266853 0.092769 -0.959262 
0.034799 0.997183 0.066444 
0.985764 -0.023305 -0.166511 
-0.164493 0.071293 -0.983798 
0.037211 0.996227 0.078397 
0.989582 -0.025817 -0.141638 
-0.139080 0.082851 -0.986809 
0.099418 0.990638 0.093559 
0.987424 -0.086604 -0.132260 
-0.122919 0.105532 -0.986790 
0.146630 0.988540 0.035888 
0.965320 -0.135074 -0.223412 
-0.216005 0.067403 -0.974063 
-0.136150 0.990686 0.001875 
0.928195 0.128223 -0.349303 
-0.346290 -0.045817 -0.937008 
-0.135308 0.990791 0.005071 
0.932519 0.129076 -0.337264 
-0.334812 -0.040906 -0.941397 
-0.323837 0.945617 0.030623 
0.900511 0.317995 -0.296581 
-0.290190 -0.068468 -0.954517 
-0.311724 0.950171 0.001605 
0.871609 0.286622 -0.397674 
-0.378319 -0.122566 -0.917525 
-0.312888 0.949096 -0.036310 
0.832852 0.255788 -0.490847 
-0.456573 -0.183821 -0.870489 
-0.292426 0.949222 -0.116036 
0.780737 0.166912 -0.602155 
-0.552211 -0.266680 -0.789902 
-0.280997 0.940329 -0.191888 
0.733993 0.081754 -0.674219 
-0.618300 -0.330298 -0.713168 
-0.293831 0.935827 -0.194656 
0.720585 0.083064 -0.688373 
-0.628029 -0.342531 -0.698750 
-0.350069 0.934451 -0.065217 
0.728571 0.227858 -0.645961 
-0.588759 -0.273646 -0.760580 
-0.365353 0.930554 -0.024219 
0.762981 0.284454 -0.580471 
-0.533270 -0.230555 -0.813921 
-0.345272 0.938179 -0.024630 
0.770594 0.268421 -0.578044 
-0.535698 -0.218562 -0.815634 
-0.313324 0.949249 -0.027479 
0.740145 0.225970 -0.633343 
-0.594990 -0.218780 -0.773383 
0.029316 0.998651 -0.042862 
0.586185 -0.051909 -0.808513 
-0.809647 -0.001423 -0.586916 
0.033159 0.998337 -0.047153 
0.597893 -0.057620 -0.799502 
-0.800890 -0.001682 -0.598810 
0.074233 0.994390 -0.075349 
0.542686 -0.103671 -0.833513 
-0.836649 0.020984 -0.547338 
0.003688 0.998357 -0.057185 
0.565727 -0.049238 -0.823122 
-0.824585 -0.029316 -0.564979 
0.131417 0.985156 -0.110443 
0.486358 -0.161153 -0.858770 
-0.863820 0.059142 -0.500317 
0.221703 0.967305 -0.123162 
0.435490 -0.211229 -0.875060 
-0.872466 0.140368 -0.468082 
0.194722 0.978598 -0.066551 
0.433005 -0.146643 -0.889383 
-0.880108 0.144366 -0.452292 
0.165808 0.980461 -0.105846 
0.379339 -0.162485 -0.910879 
-0.910280 0.110879 -0.398869 
0.165120 0.979310 -0.116990 
0.334690 -0.167217 -0.927373 
-0.927749 0.113972 -0.355377 
0.046825 0.995703 -0.079896 
0.437760 -0.092349 -0.894337 
-0.897872 0.006902 -0.440203 
0.015449 0.997376 -0.070721 
0.446938 -0.070159 -0.891809 
-0.894431 -0.017831 -0.446850 
0.085494 0.989992 -0.112283 
0.359828 -0.135769 -0.923088 
-0.929093 0.038516 -0.367834 
0.132139 0.981850 -0.136048 
0.299352 -0.170371 -0.938809 
-0.944949 0.083327 -0.316431 
0.165298 0.978077 -0.126659 
0.311549 -0.173634 -0.934231 
-0.935742 0.114966 -0.333421 
-0.340394 0.902016 -0.265517 
0.476701 -0.077852 -0.875611 
-0.810486 -0.424625 -0.403492 
-0.341524 0.898744 -0.274993 
0.527746 -0.058730 -0.847369 
-0.777718 -0.434523 -0.454251 
-0.326378 0.909900 -0.256045 
0.517417 -0.054714 -0.853982 
-0.791048 -0.411203 -0.452941 
-0.365210 0.891728 -0.267288 
0.484759 -0.062953 -0.872379 
-0.794751 -0.448172 -0.409282 
-0.363465 0.902505 -0.231036 
0.519369 -0.009581 -0.854497 
-0.773401 -0.430572 -0.465251 
-0.325477 0.921181 -0.213286 
0.568734 0.010521 -0.822454 
-0.755385 -0.388992 -0.527331 
-0.057827 0.980716 -0.186687 
0.419483 -0.145821 -0.895974 
-0.905919 -0.130124 -0.402962 
-0.270782 0.948816 -0.162559 
0.394100 -0.044803 -0.917975 
-0.878272 -0.312636 -0.361796 
-0.296787 0.945872 -0.131315 
0.449410 0.017014 -0.893164 
-0.842584 -0.324093 -0.430134 
-0.316166 0.937097 -0.147948 
0.360924 -0.025411 -0.932249 
-0.877367 -0.348143 -0.330186 
-0.281452 0.945268 -0.165084 
0.382830 -0.047141 -0.922615 
-0.879901 -0.322871 -0.348609 
-0.340754 0.929446 -0.141477 
0.288146 -0.039993 -0.956751 
-0.894907 -0.366783 -0.254188 
-0.382145 0.916609 -0.117449 
0.309114 0.007018 -0.950999 
-0.870870 -0.399724 -0.286018 
-0.352691 0.931020 -0.093868 
0.437422 0.075359 -0.896093 
-0.827206 -0.357104 -0.433827 
-0.424240 0.894851 -0.138792 
0.482321 0.093574 -0.870982 
-0.766412 -0.436447 -0.471303 
-0.525066 0.842126 -0.123001 
0.527490 0.208602 -0.823553 
-0.667877 -0.497301 -0.553743 
-0.522711 0.852430 0.011688 
0.548576 0.346819 -0.760776 
-0.652562 -0.391255 -0.648909 
-0.511538 0.859118 -0.015666 
0.581968 0.332988 -0.741911 
-0.632173 -0.388633 -0.670315 
-0.272424 0.920030 -0.281656 
0.761779 0.027415 -0.647257 
-0.587774 -0.390888 -0.708328 
-0.234637 0.925410 -0.297594 
0.788998 0.002474 -0.614391 
-0.567827 -0.378960 -0.730727 
-0.107848 0.945124 -0.308399 
0.873475 -0.058062 -0.483394 
-0.474773 -0.321512 -0.819280 
-0.110208 0.971391 -0.210364 
0.904395 0.010228 -0.426573 
-0.412218 -0.237264 -0.879649 
-0.113532 0.972642 -0.202677 
0.906040 0.017651 -0.422823 
-0.407678 -0.231638 -0.883257 
-0.131335 0.976884 -0.168666 
0.909050 0.050808 -0.413578 
-0.395448 -0.207643 -0.894710 
-0.165827 0.983751 -0.068812 
0.945846 0.138915 -0.293392 
-0.279065 -0.113738 -0.953513 
-0.215671 0.973851 -0.071413 
0.938042 0.186316 -0.292170 
-0.271225 -0.130001 -0.953696 
-0.433687 0.885672 -0.165832 
0.837454 0.328265 -0.436935 
-0.332544 -0.328370 -0.884074 
-0.443978 0.890039 -0.103506 
0.846136 0.378434 -0.375288 
-0.294851 -0.254200 -0.921111 
-0.328504 0.900204 -0.285864 
0.818977 0.120720 -0.560984 
-0.470491 -0.418402 -0.776903 
-0.412234 0.878118 -0.242843 
0.782973 0.205165 -0.587248 
-0.465850 -0.432223 -0.772119 
-0.398242 0.873093 -0.281269 
0.802951 0.183563 -0.567076 
-0.443479 -0.451678 -0.774153 
-0.389362 0.873333 -0.292724 
0.801967 0.165120 -0.574094 
-0.453041 -0.458285 -0.764676 
-0.358266 0.884010 -0.300286 
0.706690 0.046588 -0.705987 
-0.610110 -0.465141 -0.641412 
-0.304394 0.894530 -0.327353 
0.639300 -0.062913 -0.766379 
-0.706144 -0.442558 -0.552723 
-0.609620 0.733232 -0.301220 
0.508025 0.069690 -0.858518 
-0.608501 -0.676398 -0.414985 
-0.596474 0.740279 -0.310171 
0.475492 0.014579 -0.879599 
-0.646627 -0.672142 -0.360693 
-0.571735 0.763939 -0.299194 
0.468890 0.004999 -0.883243 
-0.673247 -0.645270 -0.361061 
-0.563545 0.772258 -0.293318 
0.463055 0.001263 -0.886329 
-0.684104 -0.635308 -0.358309 
-0.617188 0.737476 -0.274242 
0.474074 0.070375 -0.877668 
-0.627959 -0.671697 -0.393053 
-0.605899 0.748075 -0.270685 
0.485385 0.078039 -0.870811 
-0.630308 -0.659010 -0.410388 
-0.711883 0.655150 -0.252985 
0.501547 0.222107 -0.836134 
-0.491603 -0.722113 -0.486702 
-0.531060 0.801662 -0.274431 
0.633909 0.160972 -0.756470 
-0.562258 -0.575696 -0.593667 
0.340336 0.904374 -0.257447 
0.477341 -0.402058 -0.781342 
-0.810134 0.143028 -0.568530 
0.349601 0.901261 -0.255945 
0.478760 -0.406675 -0.778077 
-0.805337 0.149481 -0.573662 
0.402798 0.885621 -0.231149 
0.498625 -0.424099 -0.755985 
-0.767546 0.189253 -0.612419 
0.409818 0.880008 -0.240071 
0.499578 -0.436743 -0.748116 
-0.763198 0.186657 -0.618618 
0.394800 0.906876 -0.147337 
0.550529 -0.361891 -0.752298 
-0.735561 0.215894 -0.642137 
0.427493 0.893717 -0.136086 
0.585502 -0.388413 -0.711563 
-0.688794 0.224510 -0.689317 
0.552405 0.814707 -0.176355 
0.547259 -0.514041 -0.660508 
-0.628774 0.268356 -0.729814 
0.653247 0.682878 -0.327026 
0.472903 -0.705300 -0.528124 
-0.591295 0.190344 -0.783670 
0.511188 0.811601 -0.282826 
0.640158 -0.579117 -0.504799 
-0.573485 0.076994 -0.815590 
0.515321 0.805798 -0.291775 
0.638301 -0.588069 -0.496735 
-0.571852 0.069738 -0.817387 
0.575371 0.783480 -0.234750 
0.632289 -0.608148 -0.479965 
-0.518806 0.127728 -0.845296 
0.614849 0.778505 -0.126061 
0.727335 -0.621550 -0.290962 
-0.304868 0.087209 -0.948393 
0.654037 0.738336 -0.164605 
0.683101 -0.669937 -0.290788 
-0.324974 0.077744 -0.942522 
0.606953 0.786531 -0.113921 
0.549088 -0.518646 -0.655369 
-0.574552 0.335226 -0.746668 
0.667345 0.729236 -0.151212 
0.432210 -0.544571 -0.718775 
-0.606502 0.414315 -0.678600 
0.673728 0.723266 -0.151581 
0.407302 -0.534595 -0.740482 
-0.616600 0.437144 -0.654759 
0.663755 0.733014 -0.148723 
0.356171 -0.484615 -0.798931 
-0.657701 0.477324 -0.582745 
0.784829 0.562643 -0.259763 
0.137756 -0.567073 -0.812066 
-0.604208 0.601549 -0.522563 
0.735955 0.657230 -0.162540 
0.281132 -0.515064 -0.809737 
-0.615902 0.550235 -0.563832 
0.741172 0.647976 -0.175475 
0.268250 -0.525482 -0.807410 
-0.615391 0.551358 -0.563292 
0.756656 0.608328 -0.239602 
0.128522 -0.497709 -0.857769 
-0.641057 0.618242 -0.454778 
0.848096 0.451061 -0.277988 
0.013638 -0.543071 -0.839576 
-0.529667 0.708250 -0.466728 
0.826498 0.554263 -0.098454 
0.184237 -0.431587 -0.883057 
-0.531937 0.711706 -0.458822 
0.850184 0.516905 -0.099977 
0.189672 -0.477860 -0.857715 
-0.491132 0.710253 -0.504312 
0.709423 0.672002 -0.212443 
0.293126 -0.555455 -0.778169 
-0.640933 0.489779 -0.591034 
0.698507 0.696269 -0.165220 
0.384052 -0.559562 -0.734435 
-0.603815 0.449555 -0.658261 
0.716103 0.679648 -0.158981 
0.380855 -0.571339 -0.726995 
-0.584933 0.460054 -0.667985 
0.514997 0.856907 0.022072 
0.356848 -0.190910 -0.914447 
-0.779382 0.478814 -0.404104 
0.428781 0.902769 0.033990 
0.359913 -0.136194 -0.922992 
-0.828619 0.407995 -0.383316 
0.423829 0.904555 0.046362 
0.390128 -0.136120 -0.910643 
-0.817416 0.404044 -0.410584 
0.691859 0.721318 0.032112 
0.329663 -0.276007 -0.902852 
-0.642381 0.635233 -0.428750 
0.602555 0.798018 0.009735 
0.396451 -0.288715 -0.871476 
-0.692643 0.528972 -0.490341 
0.278315 0.958948 -0.054395 
0.204506 -0.114497 -0.972146 
-0.938466 0.259439 -0.227976 
0.313480 0.948091 -0.053427 
0.184821 -0.116104 -0.975890 
-0.931435 0.296047 -0.211623 
0.277150 0.959890 -0.042417 
0.247759 -0.114049 -0.962085 
-0.928334 0.256133 -0.269430 
0.255423 0.965579 -0.049164 
0.186527 -0.099110 -0.977438 
-0.948666 0.240489 -0.205421 
0.295923 0.912760 -0.281599 
0.312781 -0.371143 -0.874312 
-0.902551 0.170650 -0.395324 
0.682796 0.719847 -0.124942 
0.594190 -0.646631 -0.478337 
-0.425121 0.252367 -0.869243 
-0.605389 0.764662 0.220900 
0.632990 0.630795 -0.448800 
-0.482523 -0.131870 -0.865900 
-0.652500 0.721044 0.233108 
0.623258 0.685613 -0.376143 
-0.431038 -0.100147 -0.896759 
-0.342596 0.905477 0.250477 
0.839957 0.414642 -0.350064 
-0.420833 0.090459 -0.902617 
-0.143406 0.971637 0.188030 
0.822833 0.222627 -0.522861 
-0.549892 0.079736 -0.831421 
0.106052 0.835863 -0.538597 
0.806484 -0.389151 -0.445134 
-0.581666 -0.387162 -0.715381 
0.013971 0.921818 -0.387372 
0.865599 -0.205083 -0.456814 
-0.500542 -0.328927 -0.800790 
0.011815 0.936630 -0.350122 
0.866445 -0.184372 -0.463983 
-0.499133 -0.297879 -0.813716 
0.100460 0.876928 -0.470006 
0.749186 -0.377522 -0.544240 
-0.654697 -0.297448 -0.694908 
0.206766 0.867137 -0.453124 
0.696687 -0.455657 -0.554079 
-0.686932 -0.201121 -0.698337 
0.448349 0.887254 -0.108456 
0.532474 -0.362566 -0.764864 
-0.717951 0.285176 -0.634996 
0.509526 0.852498 -0.116751 
0.460379 -0.384726 -0.800023 
-0.726935 0.353883 -0.588500 
0.516085 0.846701 -0.129437 
0.453064 -0.398093 -0.797656 
-0.726904 0.353015 -0.589059 
0.531991 0.845764 -0.040858 
0.521092 -0.365040 -0.771498 
-0.667420 0.389139 -0.634919 
0.241274 0.969545 -0.042067 
0.512964 -0.164210 -0.842557 
-0.823805 0.181708 -0.536961 
0.472064 0.844608 -0.252571 
0.287073 -0.418166 -0.861816 
-0.833514 0.334326 -0.439865 
0.555530 0.795922 -0.240615 
0.287744 -0.455515 -0.842443 
-0.780122 0.398766 -0.482074 
0.325857 0.889515 -0.320282 
0.220444 -0.400922 -0.889194 
-0.919359 0.219146 -0.326732 
0.367171 0.908150 -0.201118 
0.255335 -0.306322 -0.917045 
-0.894421 0.285359 -0.344355 
0.644117 0.750080 -0.149980 
0.184253 -0.342439 -0.921296 
-0.742405 0.565788 -0.358775 
-0.113605 0.969808 -0.215793 
0.375703 -0.159136 -0.912975 
-0.919750 -0.184792 -0.346282 
-0.487197 0.801227 -0.347383 
0.528183 -0.046432 -0.847860 
-0.695458 -0.596557 -0.400573 
-0.498088 0.797178 -0.341197 
0.500768 -0.056790 -0.863717 
-0.707912 -0.601068 -0.370915 
-0.402899 0.876907 -0.262120 
0.631362 0.058948 -0.773244 
-0.662612 -0.477032 -0.577396 
-0.440902 0.871811 -0.213427 
0.646576 0.143579 -0.749216 
-0.622531 -0.468328 -0.626996 
-0.085736 0.902097 -0.422930 
0.722078 -0.236222 -0.650233 
-0.686479 -0.361136 -0.631132 
-0.130102 0.898051 -0.420211 
0.645700 -0.244880 -0.723260 
-0.752426 -0.365428 -0.548013 
-0.127609 0.906983 -0.401371 
0.448905 -0.308041 -0.838806 
-0.884421 -0.287217 -0.367840 
-0.638484 0.747034 -0.185143 
0.513042 0.233802 -0.825908 
-0.573695 -0.622316 -0.532539 
-0.496942 0.837008 -0.229057 
0.629772 0.166254 -0.758780 
-0.597023 -0.521323 -0.609742 
-0.526099 0.781474 -0.335438 
0.547464 0.009384 -0.836777 
-0.650772 -0.623867 -0.432766 
-0.479183 0.877678 -0.008039 
0.830408 0.450370 -0.328007 
-0.284265 -0.163851 -0.944641 
-0.536104 0.843942 -0.018830 
0.816235 0.512557 -0.266543 
-0.215296 -0.158264 -0.963639 
-0.406143 0.913806 0.002465 
0.869775 0.387397 -0.305640 
-0.280250 -0.121989 -0.952144 
0.375639 0.926360 -0.027444 
0.759131 -0.324544 -0.564262 
-0.531617 0.191125 -0.825139 
0.441634 0.897187 -0.003782 
0.760701 -0.376678 -0.528628 
-0.475703 0.230583 -0.848845 
0.541658 0.837191 0.075618 
0.795608 -0.481553 -0.367579 
-0.271320 0.259264 -0.926913 
0.542611 0.836917 0.071711 
0.796752 -0.485769 -0.359465 
-0.266008 0.252186 -0.930399 
0.524002 0.844657 0.109440 
0.844322 -0.498250 -0.197149 
-0.111994 0.195709 -0.974246 
0.518391 0.846713 0.119779 
0.827370 -0.461202 -0.320549 
-0.216171 0.265271 -0.939628 
0.811581 0.566477 -0.142970 
0.443609 -0.756738 -0.480165 
-0.380193 0.326270 -0.865448 
0.830647 0.543458 -0.121156 
0.442362 -0.776259 -0.449153 
-0.338144 0.319493 -0.885202 
0.896408 0.439793 -0.055083 
0.353980 -0.785147 -0.508175 
-0.266740 0.436034 -0.859491 
0.870709 0.491708 -0.009420 
0.395044 -0.710690 -0.582117 
-0.292927 0.503133 -0.813050 
0.873304 0.480588 -0.079841 
0.352736 -0.736802 -0.576802 
-0.336032 0.475560 -0.812973 
0.745073 0.661887 -0.082292 
0.479885 -0.617662 -0.623061 
-0.463224 0.424735 -0.777832 
-0.768270 0.633976 -0.088524 
0.546919 0.578237 -0.605410 
-0.332627 -0.513534 -0.790975 
-0.707458 0.706276 0.026017 
0.600308 0.619926 -0.505293 
-0.373005 -0.341856 -0.862555 
-0.739698 0.672334 0.028539 
0.589567 0.667919 -0.454197 
-0.324433 -0.319143 -0.890444 
-0.831101 0.556093 0.005647 
0.479377 0.721518 -0.499610 
-0.281904 -0.412519 -0.866232 
-0.876588 0.480965 -0.016296 
0.429759 0.767125 -0.476262 
-0.216565 -0.424489 -0.879152 
-0.882909 0.469419 -0.010887 
0.417826 0.774869 -0.474341 
-0.214229 -0.423349 -0.880274 
-0.070542 0.993528 -0.089023 
0.881844 0.020401 -0.471099 
-0.466234 -0.111737 -0.877576 
0.032015 0.996028 -0.083081 
0.901909 -0.064612 -0.427065 
-0.430737 -0.061259 -0.900396 
0.009446 0.999955 0.000470 
0.944855 -0.008771 -0.327372 
-0.327353 0.003536 -0.944896 
-0.053119 0.995083 0.083593 
0.977807 0.068820 -0.197882 
-0.202662 0.071227 -0.976655 
-0.042147 0.997806 0.051063 
0.987683 0.049319 -0.148494 
-0.150687 0.044175 -0.987594 
0.029283 0.999521 0.009970 
0.997658 -0.028608 -0.062126 
-0.061811 0.011766 -0.998019 
-0.123574 0.990891 -0.053519 
0.817424 0.071067 -0.571636 
-0.562626 -0.114387 -0.818760 
-0.178078 0.979379 -0.095420 
0.773033 0.079237 -0.629398 
-0.608859 -0.185844 -0.771202 
-0.085043 0.984788 -0.151529 
0.723117 -0.043624 -0.689347 
-0.685470 -0.168198 -0.708407 
-0.003287 0.989855 -0.142041 
0.661605 -0.104357 -0.742555 
-0.749845 -0.096416 -0.654550 
-0.072289 0.987588 -0.139444 
0.670781 -0.055328 -0.739589 
-0.738124 -0.147001 -0.658455 
-0.156146 0.984090 -0.084765 
0.724834 0.055865 -0.686655 
-0.670995 -0.168659 -0.722025 
-0.449771 0.891178 -0.059226 
0.690483 0.304889 -0.655954 
-0.566514 -0.335924 -0.752474 
-0.380793 0.921769 -0.073068 
0.734413 0.253488 -0.629588 
-0.561813 -0.293404 -0.773486 
-0.513457 0.858107 -0.003902 
0.707703 0.420881 -0.567464 
-0.485302 -0.294130 -0.823389 
-0.578696 0.815538 0.002976 
0.674247 0.480483 -0.560827 
-0.458806 -0.322542 -0.827928 
-0.446477 0.894105 0.035144 
0.802090 0.417320 -0.427195 
-0.396623 -0.162544 -0.903476 
-0.411056 0.909765 0.057973 
0.835242 0.401338 -0.375896 
-0.365244 -0.106093 -0.924846 
-0.395750 0.917450 0.040840 
0.887830 0.393587 -0.238426 
-0.234817 -0.058098 -0.970302 
-0.391521 0.919862 0.023759 
0.894603 0.386560 -0.224180 
-0.215399 -0.066517 -0.974258 
0.235696 0.969274 0.070392 
0.932290 -0.205064 -0.297965 
-0.274375 0.135855 -0.951978 
0.288085 0.954554 0.076381 
0.921519 -0.254656 -0.293179 
-0.260404 0.154847 -0.953002 
0.407511 0.912129 0.044211 
0.869733 -0.372900 -0.323279 
-0.278386 0.170192 -0.945270 
0.408740 0.910545 0.061958 
0.852616 -0.356757 -0.381798 
-0.325541 0.208883 -0.922167 
0.439099 0.897959 0.029358 
0.767402 -0.357864 -0.532004 
-0.467211 0.256132 -0.846233 
0.550193 0.834102 -0.039525 
0.717065 -0.496188 -0.489505 
-0.427909 0.240980 -0.871104 
0.519751 0.852832 -0.050363 
0.729059 -0.473505 -0.494232 
-0.445344 0.220160 -0.867870 
0.495295 0.867870 -0.038528 
0.739736 -0.444592 -0.505104 
-0.455494 0.221674 -0.862198 
0.406351 0.913450 -0.022079 
0.782049 -0.360190 -0.508589 
-0.472524 0.189399 -0.860726 
0.337267 0.941380 0.007440 
0.804960 -0.284276 -0.520794 
-0.488150 0.181636 -0.853650 
0.408794 0.912572 0.010053 
0.725413 -0.318231 -0.610332 
-0.553772 0.256792 -0.792082 
0.513115 0.857049 -0.046694 
0.591717 -0.392620 -0.704074 
-0.621759 0.333641 -0.708590 
0.328597 0.944188 0.023078 
0.942108 -0.325950 -0.078668 
-0.066755 0.047592 -0.996634 
0.642110 0.766559 0.009046 
0.736263 -0.613360 -0.285843 
-0.213567 0.190203 -0.958234 
0.642093 0.766106 0.028257 
0.720684 -0.590635 -0.362995 
-0.261403 0.253441 -0.931363 
0.652190 0.756923 0.041410 
0.687558 -0.567649 -0.452812 
-0.319237 0.323792 -0.890644 
0.679884 0.728969 0.079762 
0.637890 -0.534246 -0.554686 
-0.361737 0.428002 -0.828228 
0.711403 0.695521 0.100779 
0.601683 -0.528668 -0.598739 
-0.363157 0.486582 -0.794579 
0.716011 0.690572 0.102173 
0.587947 -0.517641 -0.621583 
-0.376359 0.505133 -0.776656 
0.718008 0.685320 0.121657 
0.588031 -0.503740 -0.632824 
-0.372404 0.525910 -0.764679 
0.735833 0.666189 0.121412 
0.570820 -0.513767 -0.640475 
-0.364300 0.540587 -0.758321 
0.669088 0.727893 0.149980 
0.625916 -0.443114 -0.641778 
-0.400687 0.523280 -0.752082 
-0.644179 0.762079 -0.065331 
0.635714 0.485947 -0.599770 
-0.425325 -0.427891 -0.797501 
-0.740772 0.668701 -0.064002 
0.575095 0.582056 -0.574871 
-0.347164 -0.462655 -0.815737 
-0.534659 0.842773 -0.062234 
0.694943 0.396582 -0.599815 
-0.480827 -0.363945 -0.797715 
-0.709694 0.704478 0.006684 
0.595581 0.605004 -0.528444 
-0.376321 -0.371053 -0.848942 
-0.711550 0.702009 0.029657 
0.635630 0.661109 -0.398633 
-0.299451 -0.264797 -0.916631 
-0.705916 0.707162 0.040059 
0.642193 0.662869 -0.384958 
-0.298782 -0.246022 -0.922064 
-0.637554 0.768425 0.055207 
0.695474 0.604892 -0.387842 
-0.331422 -0.208875 -0.920071 
-0.831365 0.554806 0.031973 
0.502722 0.775346 -0.382242 
-0.236860 -0.301709 -0.923509 
-0.528060 0.848862 -0.024214 
0.628715 0.371627 -0.683089 
-0.570850 -0.375936 -0.729934 
-0.080989 0.947420 -0.309575 
0.493745 -0.231673 -0.838179 
-0.865827 -0.220734 -0.449020 
-0.170344 0.945571 -0.277268 
0.491340 -0.162399 -0.855694 
-0.854148 -0.281995 -0.436933 
-0.221807 0.944263 -0.243248 
0.463593 -0.117344 -0.878244 
-0.857836 -0.307568 -0.411726 
-0.310266 0.922035 -0.231486 
0.535150 -0.031855 -0.844156 
-0.785716 -0.385793 -0.483543 
-0.474350 0.853374 -0.216207 
0.542126 0.089663 -0.835500 
-0.693608 -0.513531 -0.505168 
-0.135561 0.960223 -0.244121 
0.680260 -0.088932 -0.727556 
-0.720326 -0.264694 -0.641146 
-0.282099 0.932810 -0.224243 
0.712184 0.047001 -0.700418 
-0.642817 -0.357289 -0.677592 
-0.307171 0.932858 -0.188209 
0.566894 0.020514 -0.823535 
-0.764380 -0.359661 -0.535133 
-0.289061 0.952655 -0.094298 
0.412789 0.035161 -0.910148 
-0.863741 -0.302014 -0.403409 
-0.291527 0.951094 -0.102141 
0.407455 0.026861 -0.912830 
-0.865443 -0.307732 -0.395359 
-0.138269 0.984849 -0.104663 
0.434619 -0.034622 -0.899949 
-0.889937 -0.169923 -0.423247 
-0.034725 0.996494 -0.076119 
0.450217 -0.052401 -0.891380 
-0.892244 -0.065223 -0.446819 
-0.096228 0.992808 -0.071218 
0.476883 -0.016818 -0.878806 
-0.873684 -0.118528 -0.471835 
0.036907 0.996183 -0.079102 
0.436262 -0.087276 -0.895577 
-0.899062 -0.001456 -0.437818 
0.149571 0.983527 -0.101502 
0.438967 -0.158039 -0.884495 
-0.885966 0.087739 -0.455374 
0.099122 0.994199 -0.041756 
0.511684 -0.086915 -0.854766 
-0.853437 0.063361 -0.517331 
0.276682 0.955235 -0.104753 
0.420631 -0.218398 -0.880552 
-0.864012 0.199570 -0.462228 
0.379207 0.923497 -0.057936 
0.440474 -0.235221 -0.866403 
-0.813748 0.303027 -0.495973 
0.341668 0.939605 -0.020126 
0.524559 -0.208426 -0.825468 
-0.779809 0.271478 -0.564091 
0.395494 0.879940 -0.263231 
0.640539 -0.469647 -0.607570 
-0.658251 0.071681 -0.749378 
0.483735 0.777446 -0.401969 
0.439865 -0.613019 -0.656298 
-0.756650 0.140662 -0.638510 
0.434972 0.760777 -0.481682 
0.315420 -0.629779 -0.709851 
-0.843391 0.156833 -0.513901 
0.403265 0.738581 -0.540256 
0.197692 -0.646764 -0.736623 
-0.893474 0.190250 -0.406829 
0.439189 0.705415 -0.556329 
0.102260 -0.654476 -0.749136 
-0.892556 0.272122 -0.359574 
0.427161 0.871105 -0.242302 
0.501893 -0.451343 -0.737830 
-0.752088 0.193562 -0.629998 
-0.725124 0.639342 -0.255805 
0.479841 0.202682 -0.853623 
-0.493910 -0.741729 -0.453752 
-0.767185 0.614898 -0.182556 
0.451575 0.315651 -0.834533 
-0.455529 -0.722679 -0.519835 
-0.487243 0.815665 -0.311906 
0.619919 0.071509 -0.781401 
-0.615057 -0.574088 -0.540488 
-0.346044 0.885036 -0.311390 
0.656378 -0.008781 -0.754381 
-0.670389 -0.465439 -0.577879 
-0.343318 0.889525 -0.301460 
0.649244 -0.007169 -0.760547 
-0.678686 -0.456830 -0.575057 
-0.320345 0.900707 -0.293438 
0.637749 -0.023991 -0.769871 
-0.700468 -0.433764 -0.566739 
-0.379525 0.879660 -0.286633 
0.554299 -0.031859 -0.831708 
-0.740752 -0.474535 -0.475503 
-0.455544 0.833656 -0.312246 
0.608730 0.035777 -0.792571 
-0.649560 -0.551125 -0.523769 
-0.461829 0.829897 -0.313026 
0.566652 0.004555 -0.823944 
-0.682363 -0.557898 -0.472367 
-0.347424 0.903015 -0.252705 
0.617242 0.017354 -0.786582 
-0.705910 -0.429257 -0.563408 
-0.304805 0.914952 -0.264493 
0.549523 -0.057872 -0.833472 
-0.777894 -0.399391 -0.485148 
-0.304653 0.905353 -0.295843 
0.535710 -0.093946 -0.839160 
-0.787529 -0.414138 -0.456386 
-0.588957 0.773829 -0.233064 
0.513606 0.135734 -0.847222 
-0.623970 -0.618680 -0.477385 
-0.616450 0.763316 -0.193231 
0.544549 0.236033 -0.804832 
-0.568732 -0.601362 -0.561166 
-0.327472 0.845568 -0.421635 
0.709781 -0.074404 -0.700481 
-0.623676 -0.528657 -0.575803 
-0.246979 0.869564 -0.427622 
0.820252 -0.047353 -0.570039 
-0.515935 -0.491545 -0.701566 
0.619574 0.771964 -0.142125 
0.382117 -0.454792 -0.804457 
-0.685649 0.444113 -0.576758 
0.631399 0.569943 -0.525833 
0.074685 -0.719635 -0.690324 
-0.771853 0.396599 -0.496943 
0.629345 0.686586 -0.364038 
0.264070 -0.629507 -0.730745 
-0.730884 0.363759 -0.577484 
0.640000 0.672372 -0.371909 
0.270896 -0.650386 -0.709657 
-0.719038 0.353432 -0.598390 
0.675373 0.657402 -0.334206 
0.305301 -0.661753 -0.684744 
-0.671314 0.360424 -0.647636 
0.675948 0.650870 -0.345633 
0.295748 -0.669163 -0.681728 
-0.675001 0.358592 -0.644814 
0.479145 0.853045 -0.206722 
0.359517 -0.405590 -0.840383 
-0.800730 0.328345 -0.501021 
0.616218 0.732413 -0.289564 
0.127118 -0.455338 -0.881197 
-0.777250 0.506201 -0.373690 
0.676111 0.681192 -0.280805 
0.112072 -0.471758 -0.874576 
-0.728227 0.559840 -0.395304 
0.684732 0.660572 -0.307873 
0.088017 -0.494304 -0.864822 
-0.723460 0.565073 -0.396607 
0.677085 0.693292 -0.246786 
0.149959 -0.458298 -0.876057 
-0.720464 0.556157 -0.414272 
0.744511 0.596685 -0.299450 
0.209810 -0.634935 -0.743530 
-0.633784 0.490739 -0.597907 
0.797471 0.565211 -0.211134 
0.176237 -0.552880 -0.814411 
-0.577045 0.612259 -0.540516 
0.784934 0.600860 -0.151149 
0.235928 -0.515437 -0.823810 
-0.572902 0.610976 -0.546344 
0.783653 0.594157 -0.181287 
0.161053 -0.476183 -0.864472 
-0.599958 0.648249 -0.468853 
0.081532 0.986797 -0.139944 
0.712311 -0.155902 -0.684330 
-0.697112 -0.043889 -0.715617 
0.051723 0.995482 -0.079620 
0.761020 -0.090915 -0.642326 
-0.646663 -0.027370 -0.762284 
0.050459 0.998173 -0.033223 
0.821871 -0.060401 -0.566463 
-0.567435 0.001278 -0.823417 
0.274700 0.946833 -0.167472 
0.807828 -0.321725 -0.493870 
-0.521493 0.000377 -0.853256 
0.416409 0.895161 -0.159031 
0.863985 -0.444071 -0.237340 
-0.283078 -0.038570 -0.958321 
0.453178 0.889676 -0.055733 
0.875615 -0.455993 -0.159272 
-0.167115 0.023378 -0.985660 
0.458210 0.888559 0.022501 
0.887970 -0.456490 -0.055916 
-0.039413 0.045602 -0.998182 
0.015982 0.997169 -0.073481 
0.912969 -0.044520 -0.405594 
-0.407717 -0.060604 -0.911095 
-0.002473 0.998044 -0.062460 
0.944942 -0.018106 -0.326736 
-0.327228 -0.059829 -0.943049 
-0.004370 0.999327 -0.036415 
0.951549 -0.007041 -0.307418 
-0.307468 -0.035994 -0.950878 
-0.300413 0.953580 0.020900 
0.913373 0.293921 -0.281708 
-0.274774 -0.065539 -0.959272 
-0.282295 0.959259 0.011456 
0.928447 0.276193 -0.248403 
-0.241447 -0.059487 -0.968589 
-0.236043 0.971289 0.029681 
0.950332 0.237111 -0.201613 
-0.202863 -0.019382 -0.979015 
-0.131915 0.987941 -0.081066 
0.821127 0.063095 -0.567247 
-0.555291 -0.141394 -0.819548 
-0.199050 0.979122 -0.041218 
0.813615 0.141666 -0.563881 
-0.546269 -0.145776 -0.824827 
-0.270256 0.961800 -0.043609 
0.853219 0.218269 -0.473684 
-0.446071 -0.165224 -0.879615 
-0.356701 0.931625 -0.069571 
0.844457 0.289681 -0.450531 
-0.399572 -0.219454 -0.890046 
-0.323993 0.929511 -0.176176 
0.733742 0.129334 -0.667005 
-0.597203 -0.345372 -0.723925 
-0.399923 0.910484 -0.105260 
0.719857 0.240935 -0.650965 
-0.567333 -0.336108 -0.751774 
0.067734 0.990872 -0.116558 
0.750626 -0.127571 -0.648295 
-0.657247 -0.043580 -0.752414 
0.146820 0.972955 -0.178333 
0.647662 -0.230824 -0.726123 
-0.747649 -0.008891 -0.664035 
0.007606 0.994743 -0.102120 
0.744847 -0.073773 -0.663145 
-0.667192 -0.071020 -0.741492 
-0.035018 0.993510 -0.108221 
0.754528 -0.044725 -0.654742 
-0.655333 -0.104584 -0.748065 
0.311858 0.933628 -0.176307 
0.619527 -0.340502 -0.707279 
-0.720369 0.111344 -0.684596 
0.300680 0.932208 -0.201442 
0.597495 -0.348751 -0.722061 
-0.743365 0.096749 -0.661852 
0.500288 0.846529 -0.181935 
0.630472 -0.500171 -0.593578 
-0.593480 0.182255 -0.783942 
0.575692 0.800778 -0.165330 
0.685685 -0.582946 -0.435902 
-0.445439 0.137581 -0.884678 
0.578761 0.800200 -0.157211 
0.695676 -0.585054 -0.416829 
-0.425523 0.131876 -0.895287 
0.690819 0.709629 -0.138548 
0.531647 -0.628420 -0.567838 
-0.490020 0.318615 -0.811397 
0.700627 0.694825 -0.162296 
0.471974 -0.621879 -0.624905 
-0.535129 0.361226 -0.763645 
0.767420 0.616393 -0.176426 
0.495164 -0.744609 -0.447626 
-0.407282 0.256158 -0.876644 
0.650624 0.747812 -0.132158 
0.515751 -0.562869 -0.645895 
-0.557395 0.352074 -0.751900 
0.548900 0.829906 -0.099826 
0.498833 -0.421050 -0.757550 
-0.670727 0.366023 -0.645099 
0.295889 0.908737 -0.294358 
0.471034 -0.406892 -0.782666 
-0.831010 0.092930 -0.548441 
0.282958 0.917411 -0.279806 
0.515114 -0.391441 -0.762516 
-0.809069 0.071628 -0.583333 
0.154017 0.976166 -0.152898 
0.584797 -0.214789 -0.782227 
-0.796424 0.031062 -0.603940 
0.565316 0.783696 -0.257369 
0.250685 -0.460480 -0.851537 
-0.785859 0.416869 -0.456777 
0.623496 0.750696 -0.218424 
0.240459 -0.449962 -0.860066 
-0.743930 0.483726 -0.461061 
0.528913 0.809557 -0.254693 
0.270966 -0.445487 -0.853299 
-0.804256 0.382308 -0.454986 
0.502511 0.830065 -0.241814 
0.206373 -0.386770 -0.898787 
-0.839579 0.401746 -0.365660 
0.453616 0.865937 -0.210676 
0.355716 -0.392676 -0.848099 
-0.817128 0.309770 -0.486153 
0.439853 0.873462 -0.208791 
0.357721 -0.383652 -0.851379 
-0.823751 0.299793 -0.481206 
0.326709 0.904903 -0.272784 
0.375144 -0.389073 -0.841361 
-0.867484 0.172547 -0.466583 
0.265433 0.945461 -0.188808 
0.344760 -0.275962 -0.897210 
-0.900381 0.173056 -0.399207 
0.248631 0.825030 -0.507453 
0.321693 -0.564502 -0.760165 
-0.913617 0.025757 -0.405759 
0.213957 0.827590 -0.518957 
0.301357 -0.561268 -0.770819 
-0.929197 0.008531 -0.369488 
0.052145 0.982271 -0.180069 
0.596726 -0.175231 -0.783078 
-0.800749 -0.066618 -0.595284 
-0.077254 0.993778 -0.080229 
0.610094 -0.016524 -0.792157 
-0.788554 -0.110144 -0.605021 
-0.076131 0.992577 -0.094843 
0.596963 -0.030814 -0.801677 
-0.798648 -0.117650 -0.590186 
-0.198611 0.947550 -0.250405 
0.463174 -0.134417 -0.876015 
-0.863727 -0.289967 -0.412183 
-0.028949 0.969839 -0.242022 
0.332803 -0.218958 -0.917224 
-0.942552 -0.107098 -0.316426 
0.796223 0.603530 -0.042209 
0.426049 -0.608874 -0.669145 
-0.429549 0.514805 -0.741932 
0.803556 0.590207 -0.077157 
0.364782 -0.590729 -0.719703 
-0.470353 0.550177 -0.689981 
0.858518 0.507203 -0.075440 
0.283164 -0.591578 -0.754886 
-0.427509 0.626722 -0.651503 
0.904918 0.410719 -0.111505 
0.138817 -0.532526 -0.834952 
-0.402310 0.740085 -0.538907 
0.892437 0.389819 -0.227149 
0.003134 -0.508809 -0.860873 
-0.451160 0.767564 -0.455302 
0.890675 0.382081 -0.246398 
-0.018601 -0.510884 -0.859448 
-0.454260 0.770072 -0.447925 
0.873989 0.477924 -0.087929 
0.135746 -0.413854 -0.900165 
-0.466600 0.774799 -0.426580 
0.861783 0.506425 0.029399 
0.265444 -0.400802 -0.876868 
-0.432285 0.763473 -0.479832 
0.838479 0.542512 0.051317 
0.294429 -0.371776 -0.880394 
-0.458546 0.753301 -0.471458 
0.816470 0.572101 0.077963 
0.332517 -0.355510 -0.873525 
-0.472027 0.739130 -0.480496 
0.853504 0.505101 0.128078 
0.331600 -0.336876 -0.881224 
-0.401961 0.794599 -0.455017 
0.874084 0.478406 0.084291 
0.286065 -0.366685 -0.885273 
-0.392611 0.797916 -0.457369 
0.922495 0.383389 0.044911 
0.180179 -0.324777 -0.928469 
-0.341379 0.864600 -0.368683 
0.928084 0.371988 -0.016887 
0.092206 -0.273511 -0.957439 
-0.360775 0.887027 -0.288141 
0.724715 0.683595 0.086527 
0.658046 -0.649385 -0.381148 
-0.204362 0.333163 -0.920456 
0.718820 0.688453 0.096598 
0.672684 -0.653720 -0.346622 
-0.175485 0.314138 -0.933018 
0.689561 0.721440 0.063476 
0.701649 -0.643778 -0.305350 
-0.179428 0.255095 -0.950122 
0.630144 0.775874 0.030641 
0.758071 -0.606185 -0.240555 
-0.168066 0.174812 -0.970152 
-0.864358 0.458935 -0.205582 
0.443380 0.502610 -0.742158 
-0.237275 -0.732641 -0.637917 
-0.865255 0.451251 -0.218416 
0.443064 0.484444 -0.754327 
-0.234581 -0.749458 -0.619100 
-0.876294 0.455221 -0.157745 
0.437052 0.613352 -0.657864 
-0.202720 -0.645425 -0.736432 
-0.874876 0.455818 -0.163773 
0.442168 0.613639 -0.654167 
-0.197683 -0.644730 -0.738407 
-0.790978 0.590993 -0.158370 
0.573481 0.625904 -0.528548 
-0.213244 -0.508892 -0.834000 
-0.783998 0.609967 -0.115273 
0.578372 0.650309 -0.492529 
-0.225463 -0.452812 -0.862628 
-0.789610 0.602174 -0.117905 
0.575512 0.660135 -0.482709 
-0.212842 -0.449007 -0.867808 
-0.844427 0.506883 -0.173241 
0.393902 0.368402 -0.842093 
-0.363021 -0.779326 -0.510751 
-0.571507 0.792679 -0.212225 
0.635277 0.263684 -0.725875 
-0.519426 -0.549664 -0.654268 
-0.381975 0.903066 -0.196387 
0.686544 0.135024 -0.714441 
-0.618670 -0.407727 -0.671570 
-0.367344 0.905736 -0.211424 
0.611107 0.063680 -0.788982 
-0.701147 -0.419030 -0.576894 
-0.394236 0.890425 -0.227423 
0.527025 0.016321 -0.849693 
-0.752877 -0.454837 -0.475710 
-0.447331 0.867496 -0.217589 
0.492780 0.036036 -0.869408 
-0.746367 -0.496137 -0.443605 
-0.699779 0.695687 -0.162262 
0.427506 0.225855 -0.875345 
-0.572318 -0.681916 -0.455459 
-0.721416 0.675199 -0.153837 
0.413247 0.241487 -0.878015 
-0.555685 -0.696987 -0.453237 
-0.762403 0.624624 -0.169077 
0.389269 0.233976 -0.890913 
-0.516925 -0.745051 -0.421530 
-0.792031 0.593647 -0.142374 
0.364409 0.272633 -0.890437 
-0.489790 -0.757135 -0.432264 
-0.851191 0.517234 -0.089119 
0.330969 0.397178 -0.855984 
-0.407349 -0.758102 -0.509263 
-0.807586 0.581124 -0.100501 
0.431536 0.466135 -0.772330 
-0.401972 -0.667093 -0.627220 
-0.804123 0.593875 -0.026431 
0.428216 0.547830 -0.718689 
-0.412332 -0.589233 -0.694829 
-0.913413 0.400892 -0.070439 
0.386230 0.799035 -0.460836 
-0.128462 -0.448139 -0.884686 
-0.925916 0.370165 -0.075212 
0.360116 0.804973 -0.471524 
-0.113998 -0.463677 -0.878640 
-0.961806 0.265342 -0.067256 
0.270805 0.886514 -0.375176 
-0.039927 -0.379060 -0.924510 
-0.978458 0.198752 -0.055842 
0.206075 0.924022 -0.322051 
-0.012409 -0.326621 -0.945074 
-0.918091 0.363845 -0.157246 
0.331813 0.488489 -0.807018 
-0.216817 -0.793092 -0.569206 
-0.936898 0.319109 -0.142798 
0.295891 0.506250 -0.810037 
-0.186199 -0.801175 -0.568726 
-0.874271 0.380108 -0.301942 
0.484503 0.644655 -0.591334 
-0.030123 -0.663278 -0.747767 
-0.883880 0.388005 -0.261166 
0.465724 0.678686 -0.567879 
-0.043090 -0.623569 -0.780580 
-0.912471 0.361333 -0.191924 
0.405163 0.732756 -0.546728 
-0.056918 -0.576634 -0.815017 
-0.804296 0.479934 -0.350388 
0.498663 0.224440 -0.837234 
-0.323176 -0.848110 -0.419842 
-0.839215 0.435342 -0.325878 
0.461928 0.254471 -0.849628 
-0.286952 -0.863552 -0.414652 
-0.892988 0.392160 -0.220871 
0.376358 0.381488 -0.844288 
-0.246836 -0.837065 -0.488256 
-0.901983 0.382526 -0.200250 
0.361612 0.415838 -0.834455 
-0.235929 -0.825077 -0.513405 
0.238804 0.961735 -0.134308 
0.763235 -0.271401 -0.586356 
-0.600370 0.037516 -0.798842 
0.183586 0.975237 -0.123326 
0.795181 -0.221092 -0.564628 
-0.577913 0.005591 -0.816079 
0.173569 0.978994 -0.106975 
0.834483 -0.203886 -0.511926 
-0.522984 -0.000415 -0.852343 
0.172102 0.983495 -0.055840 
0.889420 -0.179507 -0.420368 
-0.423453 0.022681 -0.905634 
0.215263 0.974733 -0.059648 
0.938632 -0.223374 -0.262821 
-0.269504 0.000588 -0.962999 
0.077238 0.996479 -0.032620 
0.986662 -0.081097 -0.141141 
-0.143289 -0.021283 -0.989452 
-0.056246 0.995956 -0.070064 
0.857044 0.012165 -0.515100 
-0.512164 -0.089020 -0.854262 
-0.109849 0.984653 -0.135617 
0.756476 -0.005683 -0.653997 
-0.644731 -0.174432 -0.744241 
-0.143589 0.982662 -0.117291 
0.692730 0.015160 -0.721038 
-0.706758 -0.184784 -0.682897 
-0.167980 0.977981 -0.123841 
0.671641 0.021586 -0.740562 
-0.721582 -0.207576 -0.660478 
0.088873 0.994180 -0.060895 
0.650034 -0.104214 -0.752725 
-0.754690 0.027313 -0.655513 
0.095599 0.991612 -0.086989 
0.614145 -0.127530 -0.778821 
-0.783382 0.021031 -0.621185 
0.064843 0.994039 -0.087645 
0.319724 -0.103895 -0.941797 
-0.945289 0.033047 -0.324555 
0.068506 0.992964 -0.096592 
0.374782 -0.115343 -0.919910 
-0.924579 0.026819 -0.380046 
0.565962 0.761774 -0.315258 
0.565791 -0.637019 -0.523534 
-0.599639 0.117930 -0.791533 
0.598876 0.737672 -0.311750 
0.582382 -0.668362 -0.462734 
-0.549708 0.095563 -0.829873 
0.443005 0.824675 -0.351650 
0.460031 -0.545766 -0.700365 
-0.769492 0.148495 -0.621153 
-0.280138 0.957558 -0.067861 
0.856251 0.217289 -0.468636 
-0.434000 -0.189389 -0.880781 
-0.369015 0.925379 -0.086617 
0.826747 0.284241 -0.485485 
-0.424637 -0.250762 -0.869944 
-0.283516 0.944050 -0.168489 
0.721778 0.094391 -0.685658 
-0.631392 -0.316007 -0.708155 
-0.292696 0.950771 -0.101804 
0.913724 0.246722 -0.322858 
-0.281847 -0.187520 -0.940956 
0.609315 0.792784 -0.015108 
0.728431 -0.567179 -0.384313 
-0.313246 0.223163 -0.923079 
0.373468 0.927636 -0.003576 
0.807561 -0.327018 -0.490820 
-0.456471 0.180418 -0.871254 
0.411173 0.911553 0.002939 
0.805566 -0.361853 -0.469176 
-0.426616 0.195280 -0.883100 
-0.264824 0.964166 -0.015903 
0.922966 0.248663 -0.293769 
-0.279288 -0.092475 -0.955744 
0.214391 0.974623 -0.064397 
0.701242 -0.199479 -0.684447 
-0.679923 0.101581 -0.726213 
0.535893 0.844119 -0.016767 
0.629958 -0.412997 -0.657713 
-0.562113 0.341901 -0.753082 
0.573909 0.818545 -0.024741 
0.596627 -0.438628 -0.672043 
-0.560949 0.370930 -0.740099 
0.672175 0.738898 -0.047015 
0.469157 -0.474195 -0.745004 
-0.572776 0.478716 -0.665401 
0.667082 0.744005 -0.038199 
0.479311 -0.467878 -0.742530 
-0.570319 0.477019 -0.668722 
0.570228 0.821038 0.027141 
0.575550 -0.375721 -0.726345 
-0.586159 0.429803 -0.686795 
0.642029 0.766054 0.030969 
0.668248 -0.539343 -0.512400 
-0.375824 0.349671 -0.858188 
0.568572 0.822493 0.015213 
0.769514 -0.525230 -0.363293 
-0.290815 0.218265 -0.931551 
0.661452 0.749533 0.026118 
0.670864 -0.575740 -0.467403 
-0.335296 0.326686 -0.883659 
0.829966 0.460560 -0.314707 
0.249471 -0.811083 -0.529063 
-0.498920 0.360594 -0.788068 
0.765186 0.570591 -0.298187 
0.344683 -0.754267 -0.558816 
-0.543768 0.324818 -0.773828 
0.689679 0.706507 -0.158720 
0.559740 -0.659212 -0.502126 
-0.459385 0.257464 -0.850105 
0.702822 0.682562 -0.200377 
0.364734 -0.587599 -0.722285 
-0.610746 0.434553 -0.661931 
0.513348 0.838334 -0.183493 
0.526045 -0.476331 -0.704546 
-0.678049 0.265152 -0.685525 
0.826557 0.558820 -0.067264 
0.433117 -0.707800 -0.558058 
-0.359463 0.432133 -0.827071 
0.877154 0.476124 -0.062501 
0.313971 -0.667105 -0.675569 
-0.363350 0.572954 -0.734643 
0.855108 0.513721 -0.069870 
0.301361 -0.602177 -0.739300 
-0.421868 0.611125 -0.669742 
0.856613 0.511953 -0.064169 
0.301469 -0.597555 -0.742997 
-0.418724 0.617116 -0.666212 
0.822949 0.564742 -0.061813 
0.293184 -0.515369 -0.805256 
-0.486619 0.644563 -0.589696 
0.093611 0.995596 0.004979 
0.994320 -0.093743 0.050392 
0.050637 0.000234 -0.998717 
0.124997 0.991938 -0.020862 
0.991930 -0.124491 0.024010 
0.021219 -0.023695 -0.999494 
0.282622 0.956913 0.066658 
0.959099 -0.283053 -0.003088 
0.015912 0.064805 -0.997771 
-0.333666 0.902124 -0.273567 
0.726829 0.061388 -0.684069 
-0.600322 -0.427087 -0.676174 
-0.429142 0.818858 -0.381193 
0.801664 0.150864 -0.578425 
-0.416140 -0.553815 -0.721191 
-0.611861 0.709650 -0.349317 
0.578271 0.100026 -0.809689 
-0.539656 -0.697417 -0.471572 
-0.621297 0.709483 -0.332602 
0.578079 0.128469 -0.805804 
-0.528975 -0.692914 -0.489955 
-0.427430 0.865305 -0.261821 
0.703301 0.136297 -0.697704 
-0.568041 -0.482359 -0.666828 
-0.290865 0.915182 -0.278997 
0.744401 0.033279 -0.666903 
-0.601053 -0.401664 -0.690942 
-0.439246 0.837413 -0.325273 
0.667311 0.061726 -0.742217 
-0.601465 -0.543074 -0.585927 
-0.310684 0.922501 -0.229056 
0.781583 0.110799 -0.613883 
-0.540928 -0.369750 -0.755435 
-0.472363 0.818212 -0.327723 
0.591368 0.018495 -0.806190 
-0.653573 -0.574619 -0.492601 
-0.422887 0.852334 -0.307723 
0.607182 0.014437 -0.794432 
-0.672679 -0.522799 -0.523627 
-0.370180 0.888045 -0.272658 
0.529552 -0.039423 -0.847361 
-0.763244 -0.458063 -0.455672 
-0.293083 0.922732 -0.250335 
0.503210 -0.073758 -0.861011 
-0.812946 -0.378318 -0.442711 
-0.204594 0.950656 -0.233228 
0.479031 -0.110545 -0.870809 
-0.853622 -0.289886 -0.432777 
-0.218618 0.951584 -0.216089 
0.450080 -0.098152 -0.887578 
-0.865814 -0.291298 -0.406831 
-0.225018 0.945151 -0.236763 
0.454049 -0.113283 -0.883746 
-0.862094 -0.306360 -0.403654 
-0.240700 0.954559 -0.175726 
0.567367 -0.008519 -0.823421 
-0.787501 -0.297899 -0.539535 
-0.810106 0.584801 0.041664 
0.337503 0.523279 -0.782477 
-0.479395 -0.619828 -0.621284 
